   0.0000000000000000        3.9120230054281460        50.000000000000000     
  4.77707006369426732E-003   3.9101441877191370        49.906147308207231     
  9.55414012738853465E-003   3.9084386481713000        49.821102944171209     
  1.43312101910828028E-002   3.9068823524838820        49.743626879986685     
  1.91082802547770693E-002   3.9054549439454878        49.672673054343100     
  2.38853503184713357E-002   3.9041391597264541        49.607357515022258     
  2.86624203821656057E-002   3.9029203404581310        49.546931943238249     
  3.34394904458598721E-002   3.9017860184958555        49.490761633802272     
  3.82165605095541386E-002   3.9007255724033914        49.438307166497687     
  4.29936305732484050E-002   3.8997299370756493        49.389109137051179     
  4.77707006369426715E-002   3.8987913605471114        49.342775425718095     
  5.25477707006369379E-002   3.8979031999361702        49.298970571902856     
  5.73248407643312113E-002   3.8970597501741855        49.257406897807471     
  6.21019108280254778E-002   3.8962561001866876        49.217837085639083     
  6.68789808917197443E-002   3.8954880120561528        49.180047963708859     
  7.16560509554140107E-002   3.8947518194227664        49.143855298709703     
  7.64331210191082772E-002   3.8940443419910382        49.109099426125169     
  8.12101910828025436E-002   3.8933628135233209        49.075641579374867     
  8.59872611464968101E-002   3.8927048211312458        49.043360801997061     
  9.07643312101910765E-002   3.8920682540358840        49.012151346774559     
  9.55414012738853430E-002   3.8914512602681648        48.981920481937721     
  0.10031847133757961        3.8908522100322904        48.952586638019739     
  0.10509554140127388        3.8902696646645842        48.924077840076841     
  0.10987261146496814        3.8897023502952104        48.896330379220622     
  0.11464968152866242        3.8891491354662278        48.869287685071413     
  0.11942675159235669        3.8886090120812473        48.842899367100699     
  0.12420382165605096        3.8880810791636118        48.817120398113950     
  0.12898089171974522        3.8875645289848473        48.791910417516085     
  0.13375796178343949        3.8870586351959222        48.767233135654180     
  0.13853503184713375        3.8865627426529867        48.743055823572448     
  0.14331210191082802        3.8860762586786448        48.719348875046649     
  0.14808917197452229        3.8855986455410929        48.696085429876710     
  0.15286624203821655        3.8851294139679848        48.673241049177747     
  0.15764331210191082        3.8846681175407531        48.650793434880171     
  0.16242038216560509        3.8842143478393294        48.628722186879727     
  0.16719745222929935        3.8837677302274485        48.607008592305611     
  0.17197452229299362        3.8833279201857445        48.585635442237049     
  0.17675159235668789        3.8828946001140929        48.564586871919325     
  0.18152866242038215        3.8824674765366698        48.543848221137161     
  0.18630573248407642        3.8820462776532416        48.523405911910238     
  0.19108280254777069        3.8816307511887196        48.503247341104988     
  0.19585987261146495        3.8812206625001457        48.483360785915650     
  0.20063694267515922        3.8808157929063052        48.463735320471436     
  0.20541401273885349        3.8804159382102763        48.444360742082665     
  0.21019108280254775        3.8800209073895062        48.425227505854842     
  0.21496815286624202        3.8796305214316753        48.406326666582956     
  0.21974522292993628        3.8792446122976849        48.387649826992678     
  0.22452229299363055        3.8788630219957421        48.369189091527730     
  0.22929936305732485        3.8784856017527365        48.350937024993158     
  0.23407643312101911        3.8781122112709920        48.332886615459884     
  0.23885350318471338        3.8777427180601411        48.315031240917619     
  0.24363057324840764        3.8773769968351726        48.297364639230317     
  0.24840764331210191        3.8770149289729732        48.279880881010008     
  0.25318471337579618        3.8766564020206191        48.262574345072892     
  0.25796178343949044        3.8763013092496008        48.245439696187248     
  0.26273885350318471        3.8759495492508598        48.228471864857582     
  0.26751592356687898        3.8756010255662079        48.211666028924149     
  0.27229299363057324        3.8752556463521959        48.195017596781582     
  0.27707006369426751        3.8749133240730438        48.178522192047431     
  0.28184713375796178        3.8745739752195867        48.162175639529096     
  0.28662420382165604        3.8742375200516075        48.145973952357586     
  0.29140127388535031        3.8739038823612035        48.129913320170957     
  0.29617834394904458        3.8735729892551150        48.113990098244152     
  0.30095541401273884        3.8732447709541926        48.098200797473993     
  0.30573248407643311        3.8729191606083555        48.082542075137525     
  0.31050955414012738        3.8725960941256030        48.067010726351711     
  0.31528662420382164        3.8722755100137820        48.051603676169812     
  0.32006369426751591        3.8719573492339610        48.036317972257230     
  0.32484076433121017        3.8716415550643712        48.021150778094835     
  0.32961783439490444        3.8713280729739981        48.006099366663996     
  0.33439490445859871        3.8710168505049847        47.991161114571838     
  0.33917197452229297        3.8707078371631063        47.976333496579080     
  0.34394904458598724        3.8704009843156397        47.961614080497519     
  0.34872611464968151        3.8700962450960241        47.947000522426357     
  0.35350318471337577        3.8697935743147580        47.932490562300124     
  0.35828025477707004        3.8694929283760464        47.918082019723656     
  0.36305732484076431        3.8691942651997335        47.903772790071187     
  0.36783439490445857        3.8688975441481306        47.889560840829709     
  0.37261146496815284        3.8686027259573477        47.875444208167515     
  0.37738853503184711        3.8683097726728053        47.861420993711469     
  0.38216560509554137        3.8680186475886118        47.847489361517255     
  0.38694267515923564        3.8677293151905263        47.833647535218866     
  0.39171974522292990        3.8674417411022430        47.819893795344051     
  0.39649681528662417        3.8671558920347771        47.806226476784538     
  0.40127388535031844        3.8668717357387132        47.792643966409415     
  0.40605095541401270        3.8665892409591391        47.779144700812651     
  0.41082802547770697        3.8663083773930706        47.765727164185080     
  0.41560509554140124        3.8660291156492033        47.752389886302545     
  0.42038216560509550        3.8657514272098350        47.739131440622636     
  0.42515923566878977        3.8654752843948188        47.725950442482926     
  0.42993630573248404        3.8652006603274165        47.712845547393940     
  0.43471337579617830        3.8649275289019229        47.699815449420846     
  0.43949044585987257        3.8646558647529639        47.686858879648710     
  0.44426751592356684        3.8643856432263437        47.673974604725146     
  0.44904458598726110        3.8641168403513664        47.661161425476664     
  0.45382165605095537        3.8638494328145274        47.648418175593449     
  0.45859872611464969        3.8635833979344976        47.635743720378841     
  0.46337579617834396        3.8633187136383236        47.623136955559431     
  0.46815286624203822        3.8630553584387695        47.610596806152351     
  0.47292993630573249        3.8627933114127373        47.598122225386462     
  0.47770700636942676        3.8625325521807019        47.585712193674141     
  0.48248407643312102        3.8622730608870999        47.573365717630821     
  0.48726114649681529        3.8620148181816236        47.561081829139859     
  0.49203821656050956        3.8617578052013686        47.548859584459834     
  0.49681528662420382        3.8615020035537824        47.536698063372164     
  0.50159235668789803        3.8612473953003765        47.524596368366659     
  0.50636942675159236        3.8609939629411598        47.512553623863241     
  0.51114649681528657        3.8607416893997484        47.500568975467459     
  0.51592356687898089        3.8604905580091273        47.488641589258570     
  0.52070063694267510        3.8602405524980132        47.476770651107756     
  0.52547770700636942        3.8599916569778108        47.464955366025762     
  0.53025477707006363        3.8597438559301023        47.453194957537583     
  0.53503184713375795        3.8594971341946724        47.441488667083490     
  0.53980891719745216        3.8592514769580180        47.429835753444650     
  0.54458598726114649        3.8590068697423350        47.418235492192338     
  0.54936305732484070        3.8587632983949463        47.406687175159369     
  0.55414012738853502        3.8585207490781586        47.395190109932898     
  0.55891719745222923        3.8582792082595234        47.383743619367380     
  0.56369426751592355        3.8580386627024774        47.372347041116619     
  0.56847133757961776        3.8577990994573552        47.360999727184335     
  0.57324840764331209        3.8575605058527480        47.349701043492061     
  0.57802547770700630        3.8573228694871928        47.338450369463558     
  0.58280254777070062        3.8570861782211825        47.327247097625232     
  0.58757961783439483        3.8568504201694735        47.316090633221584     
  0.59235668789808915        3.8566155836936855        47.304980393845007     
  0.59713375796178336        3.8563816573951755        47.293915809079515     
  0.60191082802547768        3.8561486301081711        47.282896320157377     
  0.60668789808917190        3.8559164908931587        47.271921379628417     
  0.61146496815286622        3.8556852290305104        47.260990451041387     
  0.61624203821656054        3.8554548340143424        47.250103008636692     
  0.62101910828025475        3.8552252955465844        47.239258537049992     
  0.62579617834394907        3.8549966035312706        47.228456531026573     
  0.63057324840764328        3.8547687480690214        47.217696495145397     
  0.63535031847133761        3.8545417194517229        47.206977943553092     
  0.64012738853503182        3.8543155081573888        47.196300399706921     
  0.64490445859872614        3.8540901048451977        47.185663396126628     
  0.64968152866242035        3.8538655003507025        47.175066474154818     
  0.65445859872611467        3.8536416856811964        47.164509183725279     
  0.65923566878980888        3.8534186520112379        47.153991083139118     
  0.66401273885350320        3.8531963906783266        47.143511738848552     
  0.66878980891719741        3.8529748931787182        47.133070725247542     
  0.67356687898089174        3.8527541511633778        47.122667624469429     
  0.67834394904458595        3.8525341564340647        47.112302026191159     
  0.68312101910828027        3.8523149009395459        47.101973527443917     
  0.68789808917197448        3.8520963767719292        47.091681732429649     
  0.69267515923566880        3.8518785761631107        47.081426252343483     
  0.69745222929936301        3.8516614914813436        47.071206705202052     
  0.70222929936305734        3.8514451152279028        47.061022715676735     
  0.70700636942675155        3.8512294400338623        47.050873914932417     
  0.71178343949044587        3.8510144586569708        47.040759940471261     
  0.71656050955414008        3.8508001639786178        47.030680435981004     
  0.72133757961783440        3.8505865490009032        47.020635051188293     
  0.72611464968152861        3.8503736068437835        47.010623441716028     
  0.73089171974522293        3.8501613307423153        47.000645268945505     
  0.73566878980891715        3.8499497140439720        46.990700199882156     
  0.74044585987261147        3.8497387502060478        46.980787907025665     
  0.74522292993630568        3.8495284327931327        46.970908068243837     
  0.75000000000000000        3.8493187554746662        46.961060366650059     
  0.75477707006369421        3.8491097120225573        46.951244490484385     
  0.75955414012738853        3.8489012963088798        46.941460132998188     
  0.76433121019108274        3.8486935023036275        46.931706992341951     
  0.76910828025477707        3.8484863240725402        46.921984771456394     
  0.77388535031847128        3.8482797557749837        46.912293177966639     
  0.77866242038216560        3.8480737916618977        46.902631924079344     
  0.78343949044585981        3.8478684260737945        46.893000726482818     
  0.78821656050955413        3.8476636534388207        46.883399306249835     
  0.79299363057324834        3.8474594682708632        46.873827388743116     
  0.79777070063694266        3.8472558651677171        46.864284703523559     
  0.80254777070063688        3.8470528388092973        46.854770984260817     
  0.80732484076433120        3.8468503839559016        46.845285968646422     
  0.81210191082802541        3.8466484954465194        46.835829398309201     
  0.81687898089171973        3.8464471681971886        46.826401018733016     
  0.82165605095541394        3.8462463971993901        46.817000579176572     
  0.82643312101910826        3.8460461775184962        46.807627832595678     
  0.83121019108280247        3.8458465042922438        46.798282535566976     
  0.83598726114649680        3.8456473727292666        46.788964448214465     
  0.84076433121019101        3.8454487781076483        46.779673334137136     
  0.84554140127388533        3.8452507157735258        46.770408960339111     
  0.85031847133757954        3.8450531811397211        46.761171097161238     
  0.85509554140127386        3.8448561696844119        46.751959518214505     
  0.85987261146496807        3.8446596769498358        46.742774000315308     
  0.86464968152866239        3.8444636985410248        46.733614323422081     
  0.86942675159235661        3.8442682301245759        46.724480270573835     
  0.87420382165605093        3.8440732674274480        46.715371627830031     
  0.87898089171974514        3.8438788062357929        46.706288184211921     
  0.88375796178343946        3.8436848423938113        46.697229731645550     
  0.88853503184713367        3.8434913718026431        46.688196064906045     
  0.89331210191082799        3.8432983904192768        46.679186981563213     
  0.89808917197452220        3.8431058942554923        46.670202281928539     
  0.90286624203821653        3.8429138793768249        46.661241769003418     
  0.90764331210191074        3.8427223419015597        46.652305248428853     
  0.91242038216560506        3.8425312779997416        46.643392528435925     
  0.91719745222929938        3.8423406838922189        46.634503419797916     
  0.92197452229299359        3.8421505558497029        46.625637735783272     
  0.92675159235668791        3.8419608901918481        46.616795292109678     
  0.93152866242038213        3.8417716832863666        46.607975906899597     
  0.93630573248407645        3.8415829315481407        46.599179400636018     
  0.94108280254777066        3.8413946314383849        46.590405596120448     
  0.94585987261146498        3.8412067794637990        46.581654318430587     
  0.95063694267515919        3.8410193721757615        46.572925394879974     
  0.95541401273885351        3.8408324061695289        46.564218654977871     
  0.96019108280254772        3.8406458780834623        46.555533930390688     
  0.96496815286624205        3.8404597845982646        46.546871054903676     
  0.96974522292993626        3.8402741224362362        46.538229864383844     
  0.97452229299363058        3.8400888883605533        46.529610196743739     
  0.97929936305732479        3.8399040791745533        46.521011891905708     
  0.98407643312101911        3.8397196917210441        46.512434791767411     
  0.98885350318471332        3.8395357228816223        46.503878740167650     
  0.99363057324840764        3.8393521695760100        46.495343582853238     
  0.99840764331210186        3.8391690287614058        46.486829167446466     
   1.0031847133757961        3.8389862974318523        46.478335343413491     
   1.0079617834394905        3.8388039726176078        46.469861962032915     
   1.0127388535031847        3.8386220513845459        46.461408876365759     
   1.0175159235668789        3.8384405308335539        46.452975941225340     
   1.0222929936305731        3.8382594080999559        46.444563013148361     
   1.0270700636942676        3.8380786803529396        46.436169950366349     
   1.0318471337579618        3.8378983447949997        46.427796612777705     
   1.0366242038216560        3.8377183986613921        46.419442861920437     
   1.0414012738853502        3.8375388392195982        46.411108560945380     
   1.0461783439490446        3.8373596637688010        46.402793574589928     
   1.0509554140127388        3.8371808696393774        46.394497769152693     
   1.0557324840764331        3.8370024541923886        46.386221012467971     
   1.0605095541401273        3.8368244148190942        46.377963173881426     
   1.0652866242038217        3.8366467489404692        46.369724124225968     
   1.0700636942675159        3.8364694540067314        46.361503735798081     
   1.0748407643312101        3.8362925274968807        46.353301882334719     
   1.0796178343949043        3.8361159669182454        46.345118438990724     
   1.0843949044585988        3.8359397698060378        46.336953282316493     
   1.0891719745222930        3.8357639337229221        46.328806290236393     
   1.0939490445859872        3.8355884562585869        46.320677342027366     
   1.0987261146496814        3.8354133350293242        46.312566318297911     
   1.1035031847133758        3.8352385676776275        46.304473100967847     
   1.1082802547770700        3.8350641518717832        46.296397573248065     
   1.1130573248407643        3.8348900853054819        46.288339619620885     
   1.1178343949044585        3.8347163656974312        46.280299125820768     
   1.1226114649681529        3.8345429907909758        46.272275978815394     
   1.1273885350318471        3.8343699583537307        46.264270066787113     
   1.1321656050955413        3.8341972661772119        46.256281279114631     
   1.1369426751592355        3.8340249120764844        46.248309506355383     
   1.1417197452229300        3.8338528938898104        46.240354640227785     
   1.1464968152866242        3.8336812094783070        46.232416573594321     
   1.1512738853503184        3.8335098567256063        46.224495200444366     
   1.1560509554140126        3.8333388335375287        46.216590415877903     
   1.1608280254777070        3.8331681378417573        46.208702116089242     
   1.1656050955414012        3.8329977675875186        46.200830198351035     
   1.1703821656050954        3.8328277207452714        46.192974560998707     
   1.1751592356687897        3.8326579953064015        46.185135103415135     
   1.1799363057324841        3.8324885892829181        46.177311726015567     
   1.1847133757961783        3.8323195007071615        46.169504330232861     
   1.1894904458598725        3.8321507276315119        46.161712818503020     
   1.1942675159235667        3.8319822681281015        46.153937094250750     
   1.1990445859872612        3.8318141202885445        46.146177061875925     
   1.2038216560509554        3.8316462822236517        46.138432626739345     
   1.2085987261146496        3.8314787520631692        46.130703695149634     
   1.2133757961783438        3.8313115279555103        46.122990174349823     
   1.2181528662420382        3.8311446080674947        46.115291972504352     
   1.2229299363057324        3.8309779905840982        46.107608998686445     
   1.2277070063694266        3.8308116737081956        46.099941162865370     
   1.2324840764331211        3.8306456556603199        46.092288375894292     
   1.2372611464968153        3.8304799346784191        46.084650549498100     
   1.2420382165605095        3.8303145090176152        46.077027596261445     
   1.2468152866242037        3.8301493769499757        46.069419429617227     
   1.2515923566878981        3.8299845367642806        46.061825963834934     
   1.2563694267515924        3.8298199867657994        46.054247114009506     
   1.2611464968152866        3.8296557252760679        46.046682796050192     
   1.2659235668789808        3.8294917506326716        46.039132926669595     
   1.2707006369426752        3.8293280611890301        46.031597423373093     
   1.2754777070063694        3.8291646553141887        46.024076204448207     
   1.2802547770700636        3.8290015313926111        46.016569188954286     
   1.2850318471337578        3.8288386878239753        46.009076296712401     
   1.2898089171974523        3.8286761230229747        46.001597448295229     
   1.2945859872611465        3.8285138354191219        45.994132565017338     
   1.2993630573248407        3.8283518234565537        45.986681568925398     
   1.3041401273885349        3.8281900855938433        45.979244382788814     
   1.3089171974522293        3.8280286203038134        45.971820930090288     
   1.3136942675159236        3.8278674260733503        45.964411135016618     
   1.3184713375796178        3.8277065014032252        45.957014922449716     
   1.3232484076433120        3.8275458448079176        45.949632217957749     
   1.3280254777070064        3.8273854548154369        45.942262947786212     
   1.3328025477707006        3.8272253299671544        45.934907038849552     
   1.3375796178343948        3.8270654688176315        45.927564418722582     
   1.3423566878980890        3.8269058699344543        45.920235015632144     
   1.3471337579617835        3.8267465318980713        45.912918758449003     
   1.3519108280254777        3.8265874533016282        45.905615576679665     
   1.3566878980891719        3.8264286327508157        45.898325400458617     
   1.3614649681528661        3.8262700688637072        45.891048160540308     
   1.3662420382165605        3.8261117602706092        45.883783788291680     
   1.3710191082802548        3.8259537056139110        45.876532215684506     
   1.3757961783439490        3.8257959035479314        45.869293375287896     
   1.3805732484076432        3.8256383527387778        45.862067200261130     
   1.3853503184713376        3.8254810518641986        45.854853624346298     
   1.3901273885350318        3.8253239996134445        45.847652581861347     
   1.3949044585987260        3.8251671946871255        45.840464007693008     
   1.3996815286624202        3.8250106357970761        45.833287837289916     
   1.4044585987261147        3.8248543216662187        45.826124006655860     
   1.4092356687898089        3.8246982510284324        45.818972452343189     
   1.4140127388535031        3.8245424226284186        45.811833111446141     
   1.4187898089171973        3.8243868352215751        45.804705921594469     
   1.4235668789808917        3.8242314875738694        45.797590820947079     
   1.4283439490445859        3.8240763784617093        45.790487748185662     
   1.4331210191082802        3.8239215066718231        45.783396642508627     
   1.4378980891719744        3.8237668710011370        45.776317443624961     
   1.4426751592356688        3.8236124702566578        45.769250091748397     
   1.4474522292993630        3.8234583032553520        45.762194527591291     
   1.4522292993630572        3.8233043688240298        45.755150692358932     
   1.4570063694267514        3.8231506657992353        45.748118527743920     
   1.4617834394904459        3.8229971930271276        45.741097975920297     
   1.4665605095541401        3.8228439493633730        45.734088979538171     
   1.4713375796178343        3.8226909336730386        45.727091481718290     
   1.4761146496815285        3.8225381448304789        45.720105426046452     
   1.4808917197452229        3.8223855817192347        45.713130756568397     
   1.4856687898089171        3.8222332432319233        45.706167417784386     
   1.4904458598726114        3.8220811282701419        45.699215354644281     
   1.4952229299363056        3.8219292357443617        45.692274512542241     
   1.5000000000000000        3.8217775645738294        45.685344837311902     
   1.5047770700636942        3.8216261136864653        45.678426275221177     
   1.5095541401273884        3.8214748820187743        45.671518772967772     
   1.5143312101910826        3.8213238685157402        45.664622277674042     
   1.5191082802547771        3.8211730721307378        45.657736736882441     
   1.5238853503184713        3.8210224918254374        45.650862098550853     
   1.5286624203821655        3.8208721265697161        45.643998311048016     
   1.5334394904458599        3.8207219753415607        45.637145323148829     
   1.5382165605095541        3.8205720371269862        45.630303084030174     
   1.5429936305732483        3.8204223109199424        45.623471543266255     
   1.5477707006369426        3.8202727957222304        45.616650650824404     
   1.5525477707006370        3.8201234905434158        45.609840357060769     
   1.5573248407643312        3.8199743944007443        45.603040612716100     
   1.5621019108280254        3.8198255063190598        45.596251368911574     
   1.5668789808917196        3.8196768253307196        45.589472577144662     
   1.5716560509554141        3.8195283504755180        45.582704189285188     
   1.5764331210191083        3.8193800808006042        45.575946157571309     
   1.5812101910828025        3.8192320153604014        45.569198434605440     
   1.5859872611464967        3.8190841532165329        45.562460973350547     
   1.5907643312101911        3.8189364934377452        45.555733727126253     
   1.5955414012738853        3.8187890350998308        45.549016649605107     
   1.6003184713375795        3.8186417772855541        45.542309694808701     
   1.6050955414012738        3.8184947190845806        45.535612817104266     
   1.6098726114649682        3.8183478595934002        45.528925971200771     
   1.6146496815286624        3.8182011979152604        45.522249112145566     
   1.6194267515923566        3.8180547331600905        45.515582195320661     
   1.6242038216560508        3.8179084644444385        45.508925176439483     
   1.6289808917197452        3.8177623908913962        45.502278011543140     
   1.6337579617834395        3.8176165116305372        45.495640656997367     
   1.6385350318471337        3.8174708257978445        45.489013069488898     
   1.6433121019108279        3.8173253325356509        45.482395206022382     
   1.6480891719745223        3.8171800309925654        45.475787023916880     
   1.6528662420382165        3.8170349203234180        45.469188480802927     
   1.6576433121019107        3.8168899996891921        45.462599534619208     
   1.6624203821656049        3.8167452682569611        45.456020143609450     
   1.6671974522292994        3.8166007251998293        45.449450266319353     
   1.6719745222929936        3.8164563696968674        45.442889861593478     
   1.6767515923566878        3.8163122009330568        45.436338888572344     
   1.6815286624203820        3.8161682180992269        45.429797306689352     
   1.6863057324840764        3.8160244203919982        45.423265075667956     
   1.6910828025477707        3.8158808070137233        45.416742155518676     
   1.6958598726114649        3.8157373771724310        45.410228506536299     
   1.7006369426751591        3.8155941300817693        45.403724089296986     
   1.7054140127388535        3.8154510649609508        45.397228864655673     
   1.7101910828025477        3.8153081810346952        45.390742793743037     
   1.7149681528662419        3.8151654775331769        45.384265837962992     
   1.7197452229299361        3.8150229536919733        45.377797958989980     
   1.7245222929936306        3.8148806087520075        45.371339118766244     
   1.7292993630573248        3.8147384419595007        45.364889279499330     
   1.7340764331210190        3.8145964525659153        45.358448403659310     
   1.7388535031847132        3.8144546398279098        45.352016453976489     
   1.7436305732484076        3.8143130030072858        45.345593393438726     
   1.7484076433121019        3.8141715413709365        45.339179185288955     
   1.7531847133757961        3.8140302541908015        45.332773793022803     
   1.7579617834394903        3.8138891407438145        45.326377180386025     
   1.7627388535031847        3.8137482003118599        45.319989311372353     
   1.7675159235668789        3.8136074321817195        45.313610150220839     
   1.7722929936305731        3.8134668356450336        45.307239661413810     
   1.7770700636942673        3.8133264099982460        45.300877809674219     
   1.7818471337579618        3.8131861545425663        45.294524559963719     
   1.7866242038216560        3.8130460685839216        45.288179877480225     
   1.7914012738853502        3.8129061514329101        45.281843727655634     
   1.7961783439490444        3.8127664024047614        45.275516076153771     
   1.8009554140127388        3.8126268208192879        45.269196888868088     
   1.8057324840764331        3.8124874060008502        45.262886131919743     
   1.8105095541401273        3.8123481572783042        45.256583771655109     
   1.8152866242038215        3.8122090739849663        45.250289774644003     
   1.8200636942675159        3.8120701554585730        45.244004107677540     
   1.8248407643312101        3.8119314010412335        45.237726737765939     
   1.8296178343949043        3.8117928100793952        45.231457632136696     
   1.8343949044585988        3.8116543819238022        45.225196758232514     
   1.8391719745222930        3.8115161159294546        45.218944083709268     
   1.8439490445859872        3.8113780114555711        45.212699576434126     
   1.8487261146496814        3.8112400678655498        45.206463204483661     
   1.8535031847133758        3.8111022845269291        45.200234936141776     
   1.8582802547770700        3.8109646608113534        45.194014739898044     
   1.8630573248407643        3.8108271960945324        45.187802584445691     
   1.8678343949044585        3.8106898897562056        45.181598438679814     
   1.8726114649681529        3.8105527411801066        45.175402271695518     
   1.8773885350318471        3.8104157497539273        45.169214052786238     
   1.8821656050955413        3.8102789148692802        45.163033751441780     
   1.8869426751592355        3.8101422359216661        45.156861337346712     
   1.8917197452229300        3.8100057123104398        45.150696780378659     
   1.8964968152866242        3.8098693434387711        45.144540050606359     
   1.9012738853503184        3.8097331287136176        45.138391118288247     
   1.9060509554140126        3.8095970675456843        45.132249953870542     
   1.9108280254777070        3.8094611593493970        45.126116527985793     
   1.9156050955414012        3.8093254035428656        45.119990811451103     
   1.9203821656050954        3.8091897995478523        45.113872775266557     
   1.9251592356687897        3.8090543467897406        45.107762390613608     
   1.9299363057324841        3.8089190446975012        45.101659628853461     
   1.9347133757961783        3.8087838927036661        45.095564461525633     
   1.9394904458598725        3.8086488902442914        45.089476860346238     
   1.9442675159235667        3.8085140367589290        45.083396797206518     
   1.9490445859872612        3.8083793316905989        45.077324244171415     
   1.9538216560509554        3.8082447744857553        45.071259173477920     
   1.9585987261146496        3.8081103645942611        45.065201557533790     
   1.9633757961783438        3.8079761014693538        45.059151368915799     
   1.9681528662420382        3.8078419845676201        45.053108580368544     
   1.9729299363057324        3.8077080133489680        45.047073164802981     
   1.9777070063694266        3.8075741872765936        45.041045095294812     
   1.9824840764331209        3.8074405058169596        45.035024345083329     
   1.9872611464968153        3.8073069684397636        45.029010887569932     
   1.9920382165605095        3.8071735746179090        45.023004696316619     
   1.9968152866242037        3.8070403238274824        45.017005745044827     
   2.0015923566878979        3.8069072155477262        45.011014007634117     
   2.0063694267515921        3.8067742492610077        45.005029458120561     
   2.0111464968152863        3.8066414244527977        44.999052070695754     
   2.0159235668789810        3.8065087406116418        44.993081819705324     
   2.0207006369426752        3.8063761972291359        44.987118679647686     
   2.0254777070063694        3.8062437937999021        44.981162625172857     
   2.0302547770700636        3.8061115298215586        44.975213631081040     
   2.0350318471337578        3.8059794047947020        44.969271672321518     
   2.0398089171974521        3.8058474182228768        44.963336723991368     
   2.0445859872611463        3.8057155696125529        44.957408761334193     
   2.0493630573248405        3.8055838584731032        44.951487759739031     
   2.0541401273885351        3.8054522843167784        44.945573694739075     
   2.0589171974522293        3.8053208466586832        44.939666542010556     
   2.0636942675159236        3.8051895450167539        44.933766277371525     
   2.0684713375796178        3.8050583789117316        44.927872876780597     
   2.0732484076433120        3.8049273478671473        44.921986316336103     
   2.0780254777070062        3.8047964514092918        44.916106572274700     
   2.0828025477707004        3.8046656890671953        44.910233620970260     
   2.0875796178343946        3.8045350603726096        44.904367438932994     
   2.0923566878980893        3.8044045648599782        44.898508002808036     
   2.0971337579617835        3.8042742020664209        44.892655289374567     
   2.1019108280254777        3.8041439715317122        44.886809275544763     
   2.1066878980891719        3.8040138727982566        44.880969938362568     
   2.1114649681528661        3.8038839054110678        44.875137255002699     
   2.1162420382165603        3.8037540689177538        44.869311202769794     
   2.1210191082802545        3.8036243628684878        44.863491759097094     
   2.1257961783439487        3.8034947868159947        44.857678901545590     
   2.1305732484076434        3.8033653403155268        44.851872607802974     
   2.1353503184713376        3.8032360229248461        44.846072855682678     
   2.1401273885350318        3.8031068342042036        44.840279623122825     
   2.1449044585987260        3.8029777737163188        44.834492888185231     
   2.1496815286624202        3.8028488410263637        44.828712629054564     
   2.1544585987261144        3.8027200357019391        44.822938824037230     
   2.1592356687898087        3.8025913573130596        44.817171451560576     
   2.1640127388535033        3.8024628054321323        44.811410490171774     
   2.1687898089171975        3.8023343796339382        44.805655918537013     
   2.1735668789808917        3.8022060794956167        44.799907715440590     
   2.1783439490445859        3.8020779045966422        44.794165859783838     
   2.1831210191082802        3.8019498545188135        44.788430330584539     
   2.1878980891719744        3.8018219288462265        44.782701106975594     
   2.1926751592356686        3.8016941271652653        44.776978168204522     
   2.1974522292993628        3.8015664490645795        44.771261493632409     
   2.2022292993630574        3.8014388941350696        44.765551062733053     
   2.2070063694267517        3.8013114619698651        44.759846855092043     
   2.2117834394904459        3.8011841521643146        44.754148850406089     
   2.2165605095541401        3.8010569643159648        44.748457028482036     
   2.2213375796178343        3.8009298980245418        44.742771369235996     
   2.2261146496815285        3.8008029528919391        44.737091852692636     
   2.2308917197452227        3.8006761285221984        44.731418458984280     
   2.2356687898089169        3.8005494245214968        44.725751168350257     
   2.2404458598726116        3.8004228404981237        44.720089961135727     
   2.2452229299363058        3.8002963760624731        44.714434817791343     
   2.2500000000000000        3.8001700308270232        44.708785718872157     
   2.2547770700636942        3.8000438044063194        44.703142645036841     
   2.2595541401273884        3.7999176964169648        44.697505577047174     
   2.2643312101910826        3.7997917064775995        44.691874495766996     
   2.2691082802547768        3.7996658342088883        44.686249382161577     
   2.2738853503184711        3.7995400792335037        44.680630217296873     
   2.2786624203821657        3.7994144411761130        44.675016982338740     
   2.2834394904458599        3.7992889196633617        44.669409658552162     
   2.2882165605095541        3.7991635143238609        44.663808227300677     
   2.2929936305732483        3.7990382247881724        44.658212670045486     
   2.2977707006369426        3.7989130506887920        44.652622968344815     
   2.3025477707006368        3.7987879916601379        44.647039103853153     
   2.3073248407643310        3.7986630473385365        44.641461058320630     
   2.3121019108280252        3.7985382173622098        44.635888813592352     
   2.3168789808917198        3.7984135013712543        44.630322351607411     
   2.3216560509554141        3.7982888990076393        44.624761654398696     
   2.3264331210191083        3.7981644099151834        44.619206704091823     
   2.3312101910828025        3.7980400337395461        44.613657482904600     
   2.3359872611464967        3.7979157701282107        44.608113973146310     
   2.3407643312101909        3.7977916187304772        44.602576157217179     
   2.3455414012738851        3.7976675791974430        44.597044017607629     
   2.3503184713375793        3.7975436511819929        44.591517536897541     
   2.3550955414012740        3.7974198343387884        44.585996697755910     
   2.3598726114649682        3.7972961283242488        44.580481482939817     
   2.3646496815286624        3.7971725327965467        44.574971875294167     
   2.3694267515923566        3.7970490474155887        44.569467857750801     
   2.3742038216560508        3.7969256718430069        44.563969413328024     
   2.3789808917197450        3.7968024057421452        44.558476525129926     
   2.3837579617834392        3.7966792487780476        44.552989176345839     
   2.3885350318471334        3.7965562006174474        44.547507350249660     
   2.3933121019108281        3.7964332609287519        44.542031030199297     
   2.3980891719745223        3.7963104293820349        44.536560199636106     
   2.4028662420382165        3.7961877056490212        44.531094842084237     
   2.4076433121019107        3.7960650894030792        44.525634941150130     
   2.4124203821656049        3.7959425803192057        44.520180480521915     
   2.4171974522292992        3.7958201780740159        44.514731443968799     
   2.4219745222929934        3.7956978823457330        44.509287815340592     
   2.4267515923566876        3.7955756928141735        44.503849578566950     
   2.4315286624203822        3.7954536091607425        44.498416717657150     
   2.4363057324840764        3.7953316310684175        44.492989216699286     
   2.4410828025477707        3.7952097582217399        44.487567059859806     
   2.4458598726114649        3.7950879903068007        44.482150231382860     
   2.4506369426751591        3.7949663270112373        44.476738715590059     
   2.4554140127388533        3.7948447680242134        44.471332496879569     
   2.4601910828025475        3.7947233130364193        44.465931559725973     
   2.4649681528662422        3.7946019617400482        44.460535888679310     
   2.4697452229299364        3.7944807138287997        44.455145468365025     
   2.4745222929936306        3.7943595689978586        44.449760283483052     
   2.4792993630573248        3.7942385269438943        44.444380318807674     
   2.4840764331210190        3.7941175873650410        44.439005559186647     
   2.4888535031847132        3.7939967499608946        44.433635989540988     
   2.4936305732484074        3.7938760144325014        44.428271594864398     
   2.4984076433121016        3.7937553804823478        44.422912360222732     
   2.5031847133757963        3.7936348478143489        44.417558270753503     
   2.5079617834394905        3.7935144161338425        44.412209311665499     
   2.5127388535031847        3.7933940851475776        44.406865468238230     
   2.5175159235668789        3.7932738545637021        44.401526725821405     
   2.5222929936305731        3.7931537240917614        44.396193069834659     
   2.5270700636942673        3.7930336934426800        44.390864485766841     
   2.5318471337579616        3.7929137623287565        44.385540959175664     
   2.5366242038216558        3.7927939304636578        44.380222475687368     
   2.5414012738853504        3.7926741975624036        44.374909020996064     
   2.5461783439490446        3.7925545633413611        44.369600580863384     
   2.5509554140127388        3.7924350275182364        44.364297141118072     
   2.5557324840764331        3.7923155898120635        44.358998687655422     
   2.5605095541401273        3.7921962499431983        44.353705206437020     
   2.5652866242038215        3.7920770076333072        44.348416683490086     
   2.5700636942675157        3.7919578626053601        44.343133104907231     
   2.5748407643312099        3.7918388145836213        44.337854456845932     
   2.5796178343949046        3.7917198632936429        44.332580725528203     
   2.5843949044585988        3.7916010084622531        44.327311897240044     
   2.5891719745222930        3.7914822498175504        44.322047958331119     
   2.5939490445859872        3.7913635870888922        44.316788895214238     
   2.5987261146496814        3.7912450200068948        44.311534694365207     
   2.6035031847133756        3.7911265483034131        44.306285342322070     
   2.6082802547770698        3.7910081717115438        44.301040825684979     
   2.6130573248407640        3.7908898899656083        44.295801131115581     
   2.6178343949044587        3.7907717028011536        44.290566245336898     
   2.6226114649681529        3.7906536099549371        44.285336155132633     
   2.6273885350318471        3.7905356111649220        44.280110847346968     
   2.6321656050955413        3.7904177061702700        44.274890308884160     
   2.6369426751592355        3.7902998947113327        44.269674526708073     
   2.6417197452229297        3.7901821765296448        44.264463487841894     
   2.6464968152866239        3.7900645513679128        44.259257179367602     
   2.6512738853503182        3.7899470189700177        44.254055588425970     
   2.6560509554140128        3.7898295790809930        44.248858702215614     
   2.6608280254777070        3.7897122314470297        44.243666507993154     
   2.6656050955414012        3.7895949758154637        44.238478993072562     
   2.6703821656050954        3.7894778119347676        44.233296144824877     
   2.6751592356687897        3.7893607395545472        44.228117950677891     
   2.6799363057324839        3.7892437584255303        44.222944398115636     
   2.6847133757961781        3.7891268682995647        44.217775474678305     
   2.6894904458598723        3.7890100689296049        44.212611167961597     
   2.6942675159235669        3.7888933600697108        44.207451465616593     
   2.6990445859872612        3.7887767414750382        44.202296355349304     
   2.7038216560509554        3.7886602129018305        44.197145824920327     
   2.7085987261146496        3.7885437741074157        44.191999862144570     
   2.7133757961783438        3.7884274248501990        44.186858454890938     
   2.7181528662420380        3.7883111648896501        44.181721591081782     
   2.7229299363057322        3.7881949939863064        44.176589258692879     
   2.7277070063694264        3.7880789119017590        44.171461445752890     
   2.7324840764331211        3.7879629183986481        44.166338140343093     
   2.7372611464968153        3.7878470132406590        44.161219330597085     
   2.7420382165605095        3.7877311961925115        44.156105004700407     
   2.7468152866242037        3.7876154670199571        44.150995150890274     
   2.7515923566878979        3.7874998254897725        44.145889757455279     
   2.7563694267515921        3.7873842713697492        44.140788812734982     
   2.7611464968152863        3.7872688044286926        44.135692305119697     
   2.7659235668789810        3.7871534244364140        44.130600223050152     
   2.7707006369426752        3.7870381311637216        44.125512555017153     
   2.7754777070063694        3.7869229243824196        44.120429289561329     
   2.7802547770700636        3.7868078038652979        44.115350415272808     
   2.7850318471337578        3.7866927693861276        44.110275920790890     
   2.7898089171974521        3.7865778207196570        44.105205794803830     
   2.7945859872611463        3.7864629576416022        44.100140026048471     
   2.7993630573248405        3.7863481799286429        44.095078603309922     
   2.8041401273885351        3.7862334873584187        44.090021515421405     
   2.8089171974522293        3.7861188797095191        44.084968751263837     
   2.8136942675159236        3.7860043567614814        44.079920299765590     
   2.8184713375796178        3.7858899182947838        44.074876149902217     
   2.8232484076433120        3.7857755640908386        44.069836290696138     
   2.8280254777070062        3.7856612939319896        44.064800711216463     
   2.8328025477707004        3.7855471076015026        44.059769400578531     
   2.8375796178343946        3.7854330048835645        44.054742347943836     
   2.8423566878980893        3.7853189855632730        44.049719542519576     
   2.8471337579617835        3.7852050494266352        44.044700973558541     
   2.8519108280254777        3.7850911962605607        44.039686630358730     
   2.8566878980891719        3.7849774258528552        44.034676502263139     
   2.8614649681528661        3.7848637379922181        44.029670578659513     
   2.8662420382165603        3.7847501324682327        44.024668848979964     
   2.8710191082802545        3.7846366090713670        44.019671302700914     
   2.8757961783439487        3.7845231675929627        44.014677929342646     
   2.8805732484076434        3.7844098078252348        44.009688718469192     
   2.8853503184713376        3.7842965295612614        44.004703659687898     
   2.8901273885350318        3.7841833325949858        43.999722742649432     
   2.8949044585987260        3.7840702167212035        43.994745957047250     
   2.8996815286624202        3.7839571817355644        43.989773292617613     
   2.9044585987261144        3.7838442274345612        43.984804739139093     
   2.9092356687898087        3.7837313536155310        43.979840286432520     
   2.9140127388535029        3.7836185600766452        43.974879924360629     
   2.9187898089171975        3.7835058466169071        43.969923642827865     
   2.9235668789808917        3.7833932130361489        43.964971431780178     
   2.9283439490445859        3.7832806591350217        43.960023281204627     
   2.9331210191082802        3.7831681847149961        43.955079181129371     
   2.9378980891719744        3.7830557895783548        43.950139121623259     
   2.9426751592356686        3.7829434735281882        43.945203092795673     
   2.9474522292993628        3.7828312363683909        43.940271084796279     
   2.9522292993630570        3.7827190779036544        43.935343087814758     
   2.9570063694267517        3.7826069979394688        43.930419092080776     
   2.9617834394904459        3.7824949962821073        43.925499087863336     
   2.9665605095541401        3.7823830727386367        43.920583065471163     
   2.9713375796178343        3.7822712271168957        43.915671015251753     
   2.9761146496815285        3.7821594592255070        43.910762927591868     
   2.9808917197452227        3.7820477688738605        43.905858792916781     
   2.9856687898089169        3.7819361558721161        43.900958601690363     
   2.9904458598726111        3.7818246200311973        43.896062344414744     
   2.9952229299363058        3.7817131611627852        43.891170011630088     
   3.0000000000000000        3.7816017790793173        43.886281593914468     
   3.0000000000000000        3.7816017790793173        43.886281593914468     
