  0.000000000000000E+000   3.91202300542815        50.0000000000000     
  4.777070063694267E-003   3.89642046943030        49.2259276491947     
  9.554140127388535E-003   3.88468912765031        48.6518156041184     
  1.433121019108280E-002   3.87665621303705        48.2625652242403     
  1.910828025477707E-002   3.86994037528822        47.9395276150856     
  2.388535031847134E-002   3.86408340691736        47.6595679758189     
  2.866242038216561E-002   3.85878188830506        47.4075684694044     
  3.343949044585987E-002   3.85388124682841        47.1758093211361     
  3.821656050955414E-002   3.84929518269260        46.9599533768558     
  4.299363057324841E-002   3.84495328754471        46.7565001889740     
  4.777070063694267E-002   3.84081438096284        46.5633793328770     
  5.254777070063694E-002   3.83684449733912        46.3788945696081     
  5.732484076433121E-002   3.83301746705793        46.2017403392034     
  6.210191082802548E-002   3.82931477102620        46.0309856600133     
  6.687898089171974E-002   3.82571944287255        45.8657863122153     
  7.165605095541401E-002   3.82221895931995        45.7055145595750     
  7.643312101910828E-002   3.81880267026838        45.5496377223584     
  8.121019108280254E-002   3.81546115230667        45.3976868045077     
  8.598726114649681E-002   3.81218718769980        45.2492994247356     
  9.076433121019108E-002   3.80897395476130        45.1041362318559     
  9.554140127388534E-002   3.80581581526330        44.9619157719317     
  0.100318471337580        3.80270798211357        44.8223985500392     
  0.105095541401274        3.79964590438563        44.6853588019840     
  0.109872611464968        3.79662592572599        44.5506135383234     
  0.114649681528662        3.79364459391420        44.4179911708213     
  0.119426751592357        3.79069881715275        44.2873382163379     
  0.124203821656051        3.78778599898114        44.1585249486988     
  0.128980891719745        3.78490357280783        44.0314245274022     
  0.133757961783439        3.78204938024199        43.9059295414752     
  0.138535031847134        3.77922142951193        43.7819411351579     
  0.143312101910828        3.77641781442129        43.6593653322687     
  0.148089171974522        3.77363694598920        43.5381230390172     
  0.152866242038217        3.77087723615639        43.4181360934924     
  0.157643312101911        3.76813727505274        43.2993349190260     
  0.162420382165605        3.76541580885977        43.1816574431320     
  0.167197452229299        3.76271157263053        43.0650417898396     
  0.171974522292994        3.76002350353251        42.9494354303519     
  0.176751592356688        3.75735055848876        42.8347872421997     
  0.181528662420382        3.75469175015825        42.7210490241092     
  0.186305732484076        3.75204623411206        42.6081791687416     
  0.191082802547771        3.74941313157750        42.4961350407536     
  0.195859872611465        3.74679167996682        42.3848793684966     
  0.200636942675159        3.74418116413177        42.2743772662364     
  0.205414012738853        3.74158086011000        42.1645938300276     
  0.210191082802548        3.73899016381932        42.0554995492857     
  0.214968152866242        3.73640844773017        41.9470642243030     
  0.219745222929936        3.73383513402012        41.8392600353265     
  0.224522292993631        3.73126971349758        41.7320623014095     
  0.229299363057325        3.72871164111691        41.6254450908584     
  0.234076433121019        3.72616045914395        41.5193863508228     
  0.238853503184713        3.72361571163679        41.4138643163192     
  0.243630573248408        3.72107694396247        41.3088574866970     
  0.248407643312102        3.71854377810275        41.2043477253731     
  0.253184713375796        3.71601579931009        41.1003155591163     
  0.257961783439490        3.71349264224871        40.9967437266360     
  0.262738853503185        3.71097397030938        40.8936163051968     
  0.267515923566879        3.70845941877901        40.7909163759801     
  0.272292993630573        3.70594869259452        40.6886300144013     
  0.277070063694268        3.70344147614263        40.5867425921080     
  0.281847133757962        3.70093746621046        40.4852401201774     
  0.286624203821656        3.69843640814533        40.3841107018459     
  0.291401273885350        3.69593800891351        40.2833410045751     
  0.296178343949045        3.69344202540968        40.1829198268844     
  0.300955414012739        3.69094821829777        40.0828362221147     
  0.305732484076433        3.68845633109736        39.9830786594936     
  0.310509554140127        3.68596616333736        39.8836379494809     
  0.315286624203822        3.68347748286854        39.7845037265586     
  0.320063694267516        3.68099008030202        39.6856666246721     
  0.324840764331210        3.67850377388660        39.5871184583783     
  0.329617834394904        3.67601834789386        39.4888497755400     
  0.334394904458599        3.67353363625392        39.3908531679282     
  0.339171974522293        3.67104946003648        39.2931207897885     
  0.343949044585987        3.66856563558836        39.1956446826109     
  0.348726114649682        3.66608202315949        39.0984186781529     
  0.353503184713376        3.66359844734163        39.0014352736772     
  0.358280254777070        3.66111476469331        38.9046882797767     
  0.363057324840764        3.65863084287984        38.8081719949894     
  0.367834394904459        3.65614652417591        38.7118797872282     
  0.372611464968153        3.65366169901894        38.6158069459980     
  0.377388535031847        3.65117623443494        38.5199479019284     
  0.382165605095541        3.64869000592098        38.4242974627936     
  0.386942675159236        3.64620292154209        38.3288517327949     
  0.391719745222930        3.64371485529511        38.2336055490554     
  0.396496815286624        3.64122572083728        38.1385553095256     
  0.401273885350318        3.63873542981505        38.0436973685989     
  0.406050955414013        3.63624388007583        37.9490275905461     
  0.410828025477707        3.63375101448514        37.8545435823616     
  0.415605095541401        3.63125674687102        37.7602418759934     
  0.420382165605096        3.62876101242920        37.6661198404699     
  0.425159235668790        3.62626376776868        37.5721756734219     
  0.429936305732484        3.62376494116698        37.4784065265769     
  0.434713375796178        3.62126450572422        37.3848112537931     
  0.439490445859873        3.61876242197334        37.2913882498542     
  0.444267515923567        3.61625864954262        37.1981358901103     
  0.449044585987261        3.61375318741430        37.1050540246301     
  0.453821656050955        3.61124600356076        37.0121413555372     
  0.458598726114650        3.60873709818578        36.9193977862191     
  0.463375796178344        3.60622648121424        36.8268235773742     
  0.468152866242038        3.60371414237950        36.7344182436986     
  0.472929936305732        3.60120011750742        36.6421829920109     
  0.477707006369427        3.59868442108854        36.5501182355214     
  0.482484076433121        3.59616707894181        36.4582247945625     
  0.487261146496815        3.59364814734320        36.3665045870598     
  0.492038216560510        3.59112765213934        36.2749584059875     
  0.496815286624204        3.58860565859404        36.1835884606672     
  0.501592356687898        3.58608222929167        36.0923968394752     
  0.506369426751592        3.58355741569870        36.0013852073824     
  0.511146496815287        3.58103131196233        35.9105567430567     
  0.515923566878981        3.57850398384544        35.8199135740694     
  0.520700636942675        3.57597551853715        35.7294585696128     
  0.525477707006369        3.57344602177932        35.6391952285444     
  0.530254777070064        3.57091557160789        35.5491260267428     
  0.535031847133758        3.56838428813087        35.4592549040394     
  0.539808917197452        3.56585227652674        35.3695852293835     
  0.544585987261146        3.56331964005164        35.2801202666576     
  0.549363057324841        3.56078651679432        35.1908644691845     
  0.554140127388535        3.55825301191304        35.1018210858267     
  0.558917197452229        3.55571925918985        35.0129943310989     
  0.563694267515924        3.55318539732601        34.9243885448434     
  0.568471337579618        3.55065154234175        34.8360072288629     
  0.573248407643312        3.54811785041702        34.7478552408058     
  0.578025477707006        3.54558445234415        34.6599365049030     
  0.582802547770701        3.54305148587733        34.5722551418500     
  0.587579617834395        3.54051911239825        34.4848160407751     
  0.592356687898089        3.53798745943357        34.3976228720016     
  0.597133757961783        3.53545668704455        34.3106803800226     
  0.601910828025478        3.53292694673757        34.2239929634616     
  0.606687898089172        3.53039837477315        34.1375644507504     
  0.611464968152866        3.52787114153193        34.0513997880563     
  0.616242038216561        3.52534538512011        33.9655027698471     
  0.621019108280255        3.52282125859099        33.8798776530067     
  0.625796178343949        3.52029892558821        33.7945290035801     
  0.630573248407643        3.51777851933398        33.7094603101872     
  0.635350318471338        3.51526020586041        33.6246761234889     
  0.640127388535032        3.51274413133038        33.5401802758151     
  0.644904458598726        3.51023043597901        33.4559763564102     
  0.649681528662420        3.50771928471940        33.3720687356974     
  0.654458598726115        3.50521080820197        33.2884605933085     
  0.659235668789809        3.50270515808142        33.2051557679669     
  0.664012738853503        3.50020248350416        33.1221579703522     
  0.668789808917197        3.49770291082013        33.0394701142584     
  0.673566878980892        3.49520659553006        32.9570960384458     
  0.678343949044586        3.49271366589187        32.8750386410984     
  0.683121019108280        3.49022425404208        32.7933009119907     
  0.687898089171974        3.48773850506864        32.7118862280678     
  0.692675159235669        3.48525653318597        32.6307969185408     
  0.697452229299363        3.48277847642291        32.5500360578792     
  0.702229299363057        3.48030445910433        32.4696062383590     
  0.707006369426752        3.47783459329356        32.3895096226855     
  0.711783439490446        3.47536901272009        32.3097490454464     
  0.716560509554140        3.47290782172061        32.2303263591921     
  0.721337579617834        3.47045113673776        32.1512437806988     
  0.726114649681529        3.46799907487450        32.0725035194165     
  0.730891719745223        3.46555173048994        31.9941070287646     
  0.735668789808917        3.46310922024023        31.9160564528854     
  0.740445859872611        3.46067163977200        31.8383532394453     
  0.745222929936306        3.45823908362422        31.7609987802145     
  0.750000000000000        3.45581165767201        31.6839948060416     
  0.754777070063694        3.45338944186814        31.6073422051409     
  0.759554140127389        3.45097253276320        31.5310423740025     
  0.764331210191083        3.44856101702025        31.4550963782129     
  0.769108280254777        3.44615496954665        31.3795048978525     
  0.773885350318471        3.44375448156294        31.3042691108394     
  0.778662420382166        3.44135962138372        31.2293894622392     
  0.783439490445860        3.43897046516247        31.1548666309110     
  0.788216560509554        3.43658708930019        31.0807012908391     
  0.792993630573248        3.43420955242808        31.0068935525862     
  0.797770700636943        3.43183792915087        30.9334440138279     
  0.802547770700637        3.42947227779440        30.8603527583367     
  0.807324840764331        3.42711265584816        30.7876198375447     
  0.812101910828025        3.42475912801590        30.7152455182625     
  0.816878980891720        3.42241173990790        30.6432294740702     
  0.821656050955414        3.42007054924299        30.5715717462155     
  0.826433121019108        3.41773560500875        30.5002721037729     
  0.831210191082802        3.41540694879803        30.4293300875510     
  0.835987261146497        3.41308463269739        30.3587455558768     
  0.840764331210191        3.41076869184258        30.2885178497395     
  0.845541401273885        3.40845916818037        30.2186465168779     
  0.850318471337580        3.40615610146605        30.1491310380522     
  0.855095541401274        3.40385952034618        30.0799705596519     
  0.859872611464968        3.40156946418865        30.0111645527334     
  0.864649681528662        3.39928595938773        29.9427120998932     
  0.869426751592357        3.39700903406671        29.8746123389893     
  0.874203821656051        3.39473871876801        29.8068644831498     
  0.878980891719745        3.39247503180342        29.7394673843113     
  0.883757961783439        3.39021800050313        29.6724201678665     
  0.888535031847134        3.38796764362358        29.6057217088241     
  0.893312101910828        3.38572397771412        29.5393708227463     
  0.898089171974522        3.38348702432746        29.4733664789880     
  0.902866242038217        3.38125679351357        29.4077073136397     
  0.907643312101911        3.37903330179865        29.3423921608331     
  0.912420382165605        3.37681656104043        29.2774197243165     
  0.917197452229299        3.37460657838434        29.2127885776722     
  0.921974522292994        3.37240336691866        29.1484974763856     
  0.926751592356688        3.37020692998269        29.0845448995122     
  0.931528662420382        3.36801727480812        29.0209294486411     
  0.936305732484076        3.36583440694808        28.9576496852869     
  0.941082802547771        3.36365832603294        28.8947040087413     
  0.945859872611465        3.36148903747670        28.8320909953993     
  0.950636942675159        3.35932653905294        28.7698090106865     
  0.955414012738854        3.35717083025285        28.7078564800245     
  0.960191082802548        3.35502191090464        28.6462318486847     
  0.964968152866242        3.35287977467016        28.5849333957190     
  0.969745222929936        3.35074442024357        28.5239595552078     
  0.974522292993631        3.34861584070320        28.4633086115669     
  0.979299363057325        3.34649402924715        28.4029788640866     
  0.984076433121019        3.34437898059413        28.3429686665132     
  0.988853503184713        3.34227068366382        28.2832762194896     
  0.993630573248408        3.34016913144185        28.2238998506292     
  0.998407643312102        3.33807431301240        28.1648377888173     
   1.00318471337580        3.33598621654663        28.1060882492708     
   1.00796178343949        3.33390483230310        28.0476495178659     
   1.01273885350318        3.33183014542290        27.9895197487761     
   1.01751592356688        3.32976214416614        27.9316971959226     
   1.02229299363057        3.32770081422319        27.8741800534057     
   1.02707006369427        3.32564613980286        27.8169664864169     
   1.03184713375796        3.32359810736158        27.7600547350837     
   1.03662420382166        3.32155669902498        27.7034429314871     
   1.04140127388535        3.31952189922834        27.6471292843730     
   1.04617834394904        3.31749369080462        27.5911119704635     
   1.05095541401274        3.31547205487514        27.5353891317943     
   1.05573248407643        3.31345697473133        27.4799589827555     
   1.06050955414013        3.31144843009867        27.4248196520757     
   1.06528662420382        3.30944640237983        27.3699693272037     
   1.07006369426752        3.30745087203846        27.3154061822810     
   1.07484076433121        3.30546181781957        27.2611283570374     
   1.07961783439490        3.30347922044214        27.2071340576154     
   1.08439490445860        3.30150305773794        27.1534214239341     
   1.08917197452229        3.29953330875444        27.0999886415465     
   1.09394904458599        3.29756995203049        27.0468338945681     
   1.09872611464968        3.29561296451117        26.9939553364146     
   1.10350318471338        3.29366232487614        26.9413511797855     
   1.10828025477707        3.29171800948787        26.8890195871524     
   1.11305732484076        3.28977999560710        26.8369587575520     
   1.11783439490446        3.28784826024856        26.7851668955953     
   1.12261146496815        3.28592277902552        26.7336421805365     
   1.12738853503185        3.28400352904581        26.6823828437988     
   1.13216560509554        3.28209048556255        26.6313870792917     
   1.13694267515924        3.28018362452075        26.5806531114674     
   1.14171974522293        3.27828292176735        26.5301791740827     
   1.14649681528662        3.27638835196565        26.4799634813735     
   1.15127388535032        3.27449989105322        26.4300042932109     
   1.15605095541401        3.27261751348107        26.3802998418464     
   1.16082802547771        3.27074119426560        26.3308483862097     
   1.16560509554140        3.26887090839819        26.2816481961477     
   1.17038216560510        3.26700662990489        26.2326975276638     
   1.17515923566879        3.26514833389278        26.1839946766336     
   1.17993630573248        3.26329599427314        26.1355379189349     
   1.18471337579618        3.26144958545020        26.0873255546938     
   1.18949044585987        3.25960908182966        26.0393558952674     
   1.19426751592357        3.25777445705727        25.9916272433555     
   1.19904458598726        3.25594568569350        25.9441379365327     
   1.20382165605096        3.25412274133348        25.8968862982447     
   1.20859872611465        3.25230559802685        25.8498706746453     
   1.21337579617834        3.25049422982407        25.8030894226865     
   1.21815286624204        3.24868861020181        25.7565408952240     
   1.22292993630573        3.24688871340896        25.7102234756635     
   1.22770700636943        3.24509451291400        25.6641355378421     
   1.23248407643312        3.24330598262081        25.6182754772626     
   1.23726114649682        3.24152309641933        25.5726416994129     
   1.24203821656051        3.23974582779057        25.5272326095942     
   1.24681528662420        3.23797415086479        25.4820466398899     
   1.25159235668790        3.23620803914344        25.4370822164206     
   1.25636942675159        3.23444746655317        25.3923377861601     
   1.26114649681529        3.23269240698649        25.3478118051119     
   1.26592356687898        3.23094283407049        25.3035027323770     
   1.27070063694268        3.22919872197420        25.2594090505224     
   1.27547770700637        3.22746004436544        25.2155292390726     
   1.28025477707006        3.22572677532889        25.1718617976467     
   1.28503184713376        3.22399888889515        25.1284052339499     
   1.28980891719745        3.22227635895241        25.0851580614892     
   1.29458598726115        3.22055915983620        25.0421188142907     
   1.29936305732484        3.21884726549112        24.9992860257685     
   1.30414012738853        3.21714065026779        24.9566582486173     
   1.30891719745223        3.21543928844667        24.9142340427859     
   1.31369426751592        3.21374315426952        24.8720119761960     
   1.31847133757962        3.21205222234145        24.8299906346565     
   1.32324840764331        3.21036646697432        24.7881686054375     
   1.32802547770701        3.20868586286999        24.7465444941636     
   1.33280254777070        3.20701038465048        24.7051169130518     
   1.33757961783439        3.20534000698442        24.6638844839743     
   1.34235668789809        3.20367470482935        24.6228458443422     
   1.34713375796178        3.20201445293757        24.5819996348289     
   1.35191082802548        3.20035922642908        24.5413445134013     
   1.35668789808917        3.19870900034210        24.5008791441628     
   1.36146496815287        3.19706374982920        24.4606022020994     
   1.36624203821656        3.19542345026681        24.4205123756627     
   1.37101910828025        3.19378807690589        24.3806083581405     
   1.37579617834395        3.19215760533652        24.3408888589250     
   1.38057324840764        3.19053201107337        24.3013525933056     
   1.38535031847134        3.18891126979647        24.2619982882612     
   1.39012738853503        3.18729535735433        24.2228246824386     
   1.39490445859873        3.18568424954183        24.1838305206858     
   1.39968152866242        3.18407792245911        24.1450145626653     
   1.40445859872611        3.18247635214549        24.1063755739077     
   1.40923566878981        3.18087951484070        24.0679123320507     
   1.41401273885350        3.17928738690777        24.0296236248878     
   1.41878980891720        3.17769994471974        23.9915082475663     
   1.42356687898089        3.17611716491740        23.9535650087017     
   1.42834394904459        3.17453902410261        23.9157927229341     
   1.43312101910828        3.17296549909783        23.8781902170756     
   1.43789808917197        3.17139656681457        23.8407563268763     
   1.44267515923567        3.16983220422875        23.8034898963656     
   1.44745222929936        3.16827238854517        23.7663897816940     
   1.45222929936306        3.16671709695738        23.7294548453373     
   1.45700636942675        3.16516630688634        23.6926839617021     
   1.46178343949045        3.16361999581897        23.6560760132088     
   1.46656050955414        3.16207814135097        23.6196298912407     
   1.47133757961783        3.16054072126901        23.5833444980109     
   1.47611464968153        3.15900771337991        23.5472187424530     
   1.48089171974522        3.15747909571341        23.5112515449369     
   1.48566878980892        3.15595484635306        23.4754418332067     
   1.49044585987261        3.15443494352464        23.4397885443969     
   1.49522292993631        3.15291936561059        23.4042906252947     
   1.50000000000000        3.15140809104606        23.3689470298372     
   1.50477707006369        3.14990109847584        23.3337567227149     
   1.50955414012739        3.14839836659646        23.2987186756108     
   1.51433121019108        3.14689987426899        23.2638318697691     
   1.51910828025478        3.14540560048247        23.2290952950720     
   1.52388535031847        3.14391552430992        23.1945079489529     
   1.52866242038217        3.14242962501474        23.1600688388007     
   1.53343949044586        3.14094788191858        23.1257769788298     
   1.53821656050955        3.13947027451906        23.0916313927441     
   1.54299363057325        3.13799678242048        23.0576311120677     
   1.54777070063694        3.13652738533848        23.0237751761920     
   1.55254777070064        3.13506206315699        22.9900626336252     
   1.55732484076433        3.13360079583115        22.9564925396938     
   1.56210191082803        3.13214356349369        22.9230639589305     
   1.56687898089172        3.13069034637095        22.8897759630806     
   1.57165605095541        3.12924112482205        22.8566276319449     
   1.57643312101911        3.12779587935261        22.8236180536307     
   1.58121019108280        3.12635459055606        22.7907463231520     
   1.58598726114650        3.12491723919724        22.7580115442812     
   1.59076433121019        3.12348380612954        22.7254128275995     
   1.59554140127389        3.12205427235344        22.6929492917756     
   1.60031847133758        3.12062861899704        22.6606200630636     
   1.60509554140127        3.11920682729364        22.6284242747401     
   1.60987261146497        3.11778887863652        22.5963610682892     
   1.61464968152866        3.11637475450934        22.5644295917731     
   1.61942675159236        3.11496443654971        22.5326290012139     
   1.62420382165605        3.11355790650875        22.5009584596272     
   1.62898089171975        3.11215514625847        22.4694171371357     
   1.63375796178344        3.11075613781676        22.4380042114781     
   1.63853503184713        3.10936086329899        22.4067188668696     
   1.64331210191083        3.10796930497427        22.3755602952139     
   1.64808917197452        3.10658144521707        22.3445276949650     
   1.65286624203822        3.10519726653452        22.3136202716910     
   1.65764331210191        3.10381675156569        22.2828372380053     
   1.66242038216560        3.10243988305694        22.2521778129688     
   1.66719745222930        3.10106664390289        22.2216412229525     
   1.67197452229299        3.09969701710095        22.1912267005773     
   1.67675159235669        3.09833098578802        22.1609334854829     
   1.68152866242038        3.09696853322129        22.1307608238521     
   1.68630573248408        3.09560964277545        22.1007079683031     
   1.69108280254777        3.09425429796451        22.0707741783258     
   1.69585987261146        3.09290248240752        22.0409587194778     
   1.70063694267516        3.09155417986456        22.0112608641329     
   1.70541401273885        3.09020937420814        21.9816798908061     
   1.71019108280255        3.08886804943658        21.9522150844031     
   1.71496815286624        3.08753018967761        21.9228657362550     
   1.71974522292994        3.08619577916924        21.8936311436549     
   1.72452229299363        3.08486480228746        21.8645106104215     
   1.72929936305732        3.08353724351712        21.8355034462194     
   1.73407643312102        3.08221308747389        21.8066089669956     
   1.73885350318471        3.08089231889391        21.7778264947127     
   1.74363057324841        3.07957492262980        21.7491553572195     
   1.74840764331210        3.07826088366606        21.7205948885456     
   1.75318471337580        3.07695018709621        21.6921444283635     
   1.75796178343949        3.07564281814571        21.6638033224457     
   1.76273885350318        3.07433876215402        21.6355709222366     
   1.76751592356688        3.07303800458231        21.6074465849789     
   1.77229299363057        3.07174053101627        21.5794296737364     
   1.77707006369427        3.07044632715325        21.5515195570770     
   1.78184713375796        3.06915537882013        21.5237156094200     
   1.78662420382166        3.06786767195437        21.4960172105896     
   1.79140127388535        3.06658319261800        21.4684237460798     
   1.79617834394904        3.06530192699073        21.4409346068675     
   1.80095541401274        3.06402386136739        21.4135491893222     
   1.80573248407643        3.06274898216746        21.3862668953738     
   1.81050955414013        3.06147727592028        21.3590871321595     
   1.81528662420382        3.06020872927984        21.3320093123049     
   1.82006369426752        3.05894332901249        21.3050328536267     
   1.82484076433121        3.05768106200253        21.2781571792165     
   1.82961783439490        3.05642191525299        21.2513817174236     
   1.83439490445860        3.05516587587783        21.2247059016545     
   1.83917197452229        3.05391293111296        21.1981291705739     
   1.84394904458599        3.05266306830361        21.1716509678033     
   1.84872611464968        3.05141627491393        21.1452707420907     
   1.85350318471338        3.05017253852115        21.1189879471560     
   1.85828025477707        3.04893184681503        21.0928020416451     
   1.86305732484076        3.04769418760273        21.0667124892029     
   1.86783439490446        3.04645954879959        21.0407187582456     
   1.87261146496815        3.04522791843859        21.0148203221295     
   1.87738853503185        3.04399928466142        20.9890166589326     
   1.88216560509554        3.04277363572308        20.9633072515202     
   1.88694267515924        3.04155095999080        20.9376915874920     
   1.89171974522293        3.04033124593992        20.9121691590662     
   1.89649681528662        3.03911448216011        20.8867394631800     
   1.90127388535032        3.03790065734696        20.8614020012847     
   1.90605095541401        3.03668976030861        20.8361562794552     
   1.91082802547771        3.03548177996057        20.8110018082533     
   1.91560509554140        3.03427670532646        20.7859381027148     
   1.92038216560510        3.03307452553970        20.7609646823571     
   1.92515923566879        3.03187522983802        20.7360810710374     
   1.92993630573248        3.03067880756923        20.7112867970449     
   1.93471337579618        3.02948524818460        20.6865813929368     
   1.93949044585987        3.02829454124266        20.6619643955907     
   1.94426751592357        3.02710667640688        20.6374353461289     
   1.94904458598726        3.02592164344398        20.6129937898592     
   1.95382165605096        3.02473943222682        20.5886392763076     
   1.95859872611465        3.02356003272890        20.5643713590800     
   1.96337579617834        3.02238343502882        20.5401895959286     
   1.96815286624204        3.02120962930563        20.5160935486312     
   1.97292993630573        3.02003860584029        20.4920827829975     
   1.97770700636943        3.01887035501522        20.4681568688346     
   1.98248407643312        3.01770486731139        20.4443153798638     
   1.98726114649682        3.01654213331132        20.4205578937584     
   1.99203821656051        3.01538214369429        20.3968839920224     
   1.99681528662420        3.01422488923927        20.3732932600268     
   2.00159235668790        3.01307036082194        20.3497852869262     
   2.00636942675159        3.01191854941455        20.3263596656334     
   2.01114649681529        3.01076944608639        20.3030159928070     
   2.01592356687898        3.00962304200057        20.2797538687631     
   2.02070063694268        3.00847932841651        20.2565728975047     
   2.02547770700637        3.00733829668606        20.2334726866216     
   2.03025477707006        3.00619993825514        20.2104528473019     
   2.03503184713376        3.00506424466190        20.1875129942744     
   2.03980891719745        3.00393120753561        20.1646527457654     
   2.04458598726115        3.00280081859756        20.1418717234954     
   2.04936305732484        3.00167306965780        20.1191695525951     
   2.05414012738854        3.00054795261704        20.0965458616223     
   2.05891719745223        2.99942545946366        20.0740002824824     
   2.06369426751592        2.99830558227421        20.0515324504195     
   2.06847133757962        2.99718831321247        20.0291420039777     
   2.07324840764331        2.99607364452769        20.0068285849481     
   2.07802547770701        2.99496156855558        19.9845918383680     
   2.08280254777070        2.99385207771531        19.9624314124449     
   2.08757961783439        2.99274516451076        19.9403469585612     
   2.09235668789809        2.99164082152819        19.9183381312113     
   2.09713375796178        2.99053904143607        19.8964045879797     
   2.10191082802548        2.98943981698452        19.8745459895125     
   2.10668789808917        2.98834314100338        19.8527619994624     
   2.11146496815287        2.98724900640296        19.8310522844860     
   2.11624203821656        2.98615740617151        19.8094165141767     
   2.12101910828025        2.98506833337575        19.7878543610595     
   2.12579617834395        2.98398178115918        19.7663655005409     
   2.13057324840764        2.98289774274136        19.7449496108785     
   2.13535031847134        2.98181621141760        19.7236063731588     
   2.14012738853503        2.98073718055700        19.7023354712434     
   2.14490445859873        2.97966064360292        19.6811365917629     
   2.14968152866242        2.97858659407082        19.6600094240587     
   2.15445859872611        2.97751502554835        19.6389536601700     
   2.15923566878981        2.97644593169399        19.6179689947931     
   2.16401273885350        2.97537930623609        19.5970551252465     
   2.16878980891720        2.97431514297257        19.5762117514523     
   2.17356687898089        2.97325343576909        19.5554385758854     
   2.17834394904459        2.97219417855924        19.5347353035632     
   2.18312101910828        2.97113736534269        19.5141016419961     
   2.18789808917197        2.97008299018494        19.4935373011690     
   2.19267515923567        2.96903104721620        19.4730419935067     
   2.19745222929936        2.96798153063032        19.4526154338384     
   2.20222929936306        2.96693443468441        19.4322573393796     
   2.20700636942675        2.96588975369722        19.4119674296857     
   2.21178343949045        2.96484748204904        19.3917454266391     
   2.21656050955414        2.96380761418011        19.3715910544056     
   2.22133757961783        2.96277014459017        19.3515040394133     
   2.22611464968153        2.96173506783749        19.3314841103218     
   2.23089171974522        2.96070237853772        19.3115309979883     
   2.23566878980892        2.95967207136349        19.2916444354490     
   2.24044585987261        2.95864414104291        19.2718241578774     
   2.24522292993631        2.95761858235932        19.2520699025691     
   2.25000000000000        2.95659539014989        19.2323814089037     
   2.25477707006369        2.95557455930501        19.2127584183220     
   2.25955414012739        2.95455608476742        19.1932006742989     
   2.26433121019108        2.95353996153109        19.1737079223105     
   2.26910828025478        2.95252618464076        19.1542799098159     
   2.27388535031847        2.95151474919056        19.1349163862200     
   2.27866242038217        2.95050565032365        19.1156171028564     
   2.28343949044586        2.94949888323098        19.0963818129542     
   2.28821656050955        2.94849444315056        19.0772102716144     
   2.29299363057325        2.94749232536674        19.0581022357860     
   2.29777070063694        2.94649252520905        19.0390574642344     
   2.30254777070064        2.94549503805171        19.0200757175243     
   2.30732484076433        2.94449985931244        19.0011567579855     
   2.31210191082803        2.94350698445194        18.9823003496959     
   2.31687898089172        2.94251640897280        18.9635062584515     
   2.32165605095541        2.94152812841878        18.9447742517440     
   2.32643312101911        2.94054213837409        18.9261040987379     
   2.33121019108280        2.93955843446228        18.9074955702425     
   2.33598726114650        2.93857701234581        18.8889484386939     
   2.34076433121019        2.93759786772485        18.8704624781258     
   2.34554140127389        2.93662099633680        18.8520374641514     
   2.35031847133758        2.93564639395530        18.8336731739369     
   2.35509554140127        2.93467405638950        18.8153693861802     
   2.35987261146497        2.93370397948334        18.7971258810900     
   2.36464968152866        2.93273615911459        18.7789424403597     
   2.36942675159236        2.93177059119432        18.7608188471510     
   2.37420382165605        2.93080727166591        18.7427548860667     
   2.37898089171975        2.92984619650446        18.7247503431339     
   2.38375796178344        2.92888736171595        18.7068050057805     
   2.38853503184713        2.92793076333649        18.6889186628144     
   2.39331210191083        2.92697639743167        18.6710911044047     
   2.39808917197452        2.92602426009567        18.6533221220585     
   2.40286624203822        2.92507434745076        18.6356115086048     
   2.40764331210191        2.92412665564634        18.6179590581702     
   2.41242038216560        2.92318118085843        18.6003645661633     
   2.41719745222930        2.92223791928886        18.5828278292533     
   2.42197452229299        2.92129686716459        18.5653486453511     
   2.42675159235669        2.92035802073708        18.5479268135919     
   2.43152866242038        2.91942137628151        18.5305621343144     
   2.43630573248408        2.91848693009626        18.5132544090457     
   2.44108280254777        2.91755467850206        18.4960034404799     
   2.44585987261146        2.91662461784151        18.4788090324632     
   2.45063694267516        2.91569674447832        18.4616709899748     
   2.45541401273885        2.91477105479672        18.4445891191098     
   2.46019108280255        2.91384754520084        18.4275632270636     
   2.46496815286624        2.91292621211400        18.4105931221128     
   2.46974522292994        2.91200705197827        18.3936786136016     
   2.47452229299363        2.91109006125365        18.3768195119227     
   2.47929936305732        2.91017523641766        18.3600156285035     
   2.48407643312102        2.90926257396464        18.3432667757895     
   2.48885350318471        2.90835207040518        18.3265727672284     
   2.49363057324841        2.90744372226562        18.3099334172562     
   2.49840764331210        2.90653752608738        18.2933485412802     
   2.50318471337580        2.90563347842651        18.2768179556665     
   2.50796178343949        2.90473157585305        18.2603414777234     
   2.51273885350318        2.90383181495056        18.2439189256887     
   2.51751592356688        2.90293419231556        18.2275501187148     
   2.52229299363057        2.90203870455700        18.2112348768549     
   2.52707006369427        2.90114534829578        18.1949730210499     
   2.53184713375796        2.90025412016418        18.1787643731143     
   2.53662420382166        2.89936501680547        18.1626087557241     
   2.54140127388535        2.89847803487331        18.1465059924026     
   2.54617834394904        2.89759317103134        18.1304559075089     
   2.55095541401274        2.89671042195267        18.1144583262248     
   2.55573248407643        2.89582978431947        18.0985130745424     
   2.56050955414013        2.89495125482245        18.0826199792530     
   2.56528662420382        2.89407483016045        18.0667788679339     
   2.57006369426752        2.89320050704001        18.0509895689383     
   2.57484076433121        2.89232828217492        18.0352519113825     
   2.57961783439490        2.89145815228580        18.0195657251361     
   2.58439490445860        2.89059011409970        18.0039308408098     
   2.58917197452229        2.88972416434969        17.9883470897454     
   2.59394904458599        2.88886029977446        17.9728143040053     
   2.59872611464968        2.88799851711792        17.9573323163612     
   2.60350318471338        2.88713881312885        17.9419009602855     
   2.60828025477707        2.88628118456051        17.9265200699398     
   2.61305732484076        2.88542562817026        17.9111894801662     
   2.61783439490446        2.88457214071923        17.8959090264771     
   2.62261146496815        2.88372071897195        17.8806785450463     
   2.62738853503185        2.88287135969603        17.8654978726994     
   2.63216560509554        2.88202405966180        17.8503668469049     
   2.63694267515924        2.88117881564203        17.8352853057659     
   2.64171974522293        2.88033562441153        17.8202530880105     
   2.64649681528662        2.87949448274696        17.8052700329842     
   2.65127388535032        2.87865538742639        17.7903359806410     
   2.65605095541401        2.87781833522912        17.7754507715358     
   2.66082802547771        2.87698332293532        17.7606142468162     
   2.66560509554140        2.87615034732580        17.7458262482145     
   2.67038216560510        2.87531940518169        17.7310866180408     
   2.67515923566879        2.87449049328419        17.7163951991748     
   2.67993630573248        2.87366360841435        17.7017518350589     
   2.68471337579618        2.87283874735275        17.6871563696912     
   2.68949044585987        2.87201590687931        17.6726086476181     
   2.69426751592357        2.87119508377302        17.6581085139283     
   2.69904458598726        2.87037627481173        17.6436558142452     
   2.70382165605096        2.86955947677191        17.6292503947210     
   2.70859872611465        2.86874468642845        17.6148921020303     
   2.71337579617834        2.86793190055441        17.6005807833638     
   2.71815286624204        2.86712111592088        17.5863162864223     
   2.72292993630573        2.86631232929672        17.5720984594108     
   2.72770700636943        2.86550553744840        17.5579271510326     
   2.73248407643312        2.86470073713980        17.5438022104838     
   2.73726114649682        2.86389792513207        17.5297234874480     
   2.74203821656051        2.86309709818338        17.5156908320905     
   2.74681528662420        2.86229825304884        17.5017040950533     
   2.75159235668790        2.86150138648027        17.4877631274502     
   2.75636942675159        2.86070649522609        17.4738677808614     
   2.76114649681529        2.85991357603115        17.4600179073291     
   2.76592356687898        2.85912262563659        17.4462133593523     
   2.77070063694268        2.85833364077971        17.4324539898827     
   2.77547770700637        2.85754661819382        17.4187396523197     
   2.78025477707006        2.85676155460814        17.4050702005066     
   2.78503184713376        2.85597844674764        17.3914454887258     
   2.78980891719745        2.85519729133297        17.3778653716949     
   2.79458598726115        2.85441808508032        17.3643297045628     
   2.79936305732484        2.85364082470133        17.3508383429054     
   2.80414012738854        2.85286550690298        17.3373911427221     
   2.80891719745223        2.85209212838748        17.3239879604322     
   2.81369426751592        2.85132068585221        17.3106286528707     
   2.81847133757962        2.85055117598963        17.2973130772853     
   2.82324840764331        2.84978359548719        17.2840410913329     
   2.82802547770701        2.84901794102723        17.2708125530761     
   2.83280254777070        2.84825420928696        17.2576273209802     
   2.83757961783439        2.84749239693837        17.2444852539097     
   2.84235668789809        2.84673250064814        17.2313862111258     
   2.84713375796178        2.84597451707764        17.2183300522827     
   2.85191082802548        2.84521844288281        17.2053166374257     
   2.85668789808917        2.84446427471417        17.1923458269874     
   2.86146496815287        2.84371200921674        17.1794174817856     
   2.86624203821656        2.84296164303002        17.1665314630206     
   2.87101910828025        2.84221317278792        17.1536876322726     
   2.87579617834395        2.84146659511876        17.1408858514991     
   2.88057324840764        2.84072190664523        17.1281259830326     
   2.88535031847134        2.83997910398438        17.1154078895785     
   2.89012738853503        2.83923818374754        17.1027314342125     
   2.89490445859873        2.83849914254039        17.0900964803786     
   2.89968152866242        2.83776197696286        17.0775028918870     
   2.90445859872611        2.83702668360920        17.0649505329119     
   2.90923566878981        2.83629325906788        17.0524392679899     
   2.91401273885350        2.83556169992168        17.0399689620177     
   2.91878980891720        2.83483200274761        17.0275394802503     
   2.92356687898089        2.83410416411698        17.0151506882996     
   2.92834394904459        2.83337818059534        17.0028024521321     
   2.93312101910828        2.83265404874254        16.9904946380676     
   2.93789808917197        2.83193176511272        16.9782271127776     
   2.94267515923567        2.83121132625431        16.9659997432835     
   2.94745222929936        2.83049272871007        16.9538123969554     
   2.95222929936306        2.82977596901711        16.9416649415105     
   2.95700636942675        2.82906104370688        16.9295572450115     
   2.96178343949045        2.82834794930524        16.9174891758655     
   2.96656050955414        2.82763668233247        16.9054606028229     
   2.97133757961783        2.82692723930326        16.8934713949756     
   2.97611464968153        2.82621961672683        16.8815214217562     
   2.98089171974522        2.82551381110686        16.8696105529366     
   2.98566878980892        2.82480981894162        16.8577386586273     
   2.99044585987261        2.82410763672395        16.8459056092757     
   2.99522292993631        2.82340726094133        16.8341112756656     
   3.00000000000000        2.82270868807590        16.8223555289157     
   3.00000000000000        2.82270868807590        16.8223555289157     
