"Time =  0.000000E+00
   -0.486111111111E+00    0.100000000000E+01
   -0.458333333333E+00    0.100000000000E+01
   -0.430555555556E+00    0.100000000000E+01
   -0.402777777778E+00    0.100000000000E+01
   -0.375000000000E+00    0.100000000000E+01
   -0.347222222222E+00    0.100000000000E+01
   -0.319444444444E+00    0.100000000000E+01
   -0.291666666667E+00    0.100000000000E+01
   -0.263888888889E+00    0.100000000000E+01
   -0.236111111111E+00    0.100000000000E+01
   -0.208333333333E+00    0.100000000000E+01
   -0.180555555556E+00    0.100000000000E+01
   -0.152777777778E+00    0.100000000000E+01
   -0.125000000000E+00    0.100000000000E+01
   -0.972222222222E-01    0.100000000000E+01
   -0.694444444444E-01    0.100000000000E+01
   -0.416666666667E-01    0.100000000000E+01
   -0.138888888889E-01    0.100000000000E+01
    0.138888888889E-01    0.100000000000E+01
    0.416666666667E-01    0.100000000000E+01
    0.694444444444E-01    0.100000000000E+01
    0.972222222222E-01    0.100000000000E+01
    0.125000000000E+00    0.100000000000E+01
    0.152777777778E+00    0.100000000000E+01
    0.180555555556E+00    0.100000000000E+01
    0.208333333333E+00    0.100000000000E+01
    0.236111111111E+00    0.100000000000E+01
    0.263888888889E+00    0.100000000000E+01
    0.291666666667E+00    0.100000000000E+01
    0.319444444444E+00    0.100000000000E+01
    0.347222222222E+00    0.100000000000E+01
    0.375000000000E+00    0.100000000000E+01
    0.402777777778E+00    0.100000000000E+01
    0.430555555556E+00    0.100000000000E+01
    0.458333333333E+00    0.100000000000E+01
    0.486111111111E+00    0.100000000000E+01
 
"Time =  0.211181E-01
   -0.486111111111E+00    0.100000000000E+01
   -0.458333333333E+00    0.100000000000E+01
   -0.430555555556E+00    0.100000000000E+01
   -0.402777777778E+00    0.100000000001E+01
   -0.375000000000E+00    0.100000000003E+01
   -0.347222222222E+00    0.100000000006E+01
   -0.319444444444E+00    0.100000000040E+01
   -0.291666666667E+00    0.100000000421E+01
   -0.263888888889E+00    0.100000002110E+01
   -0.236111111111E+00    0.100000006522E+01
   -0.208333333333E+00    0.100000028618E+01
   -0.180555555556E+00    0.100000177320E+01
   -0.152777777778E+00    0.100000792976E+01
   -0.125000000000E+00    0.100002186746E+01
   -0.972222222222E-01    0.100003544694E+01
   -0.694444444444E-01    0.100002484691E+01
   -0.416666666667E-01    0.999978255317E+00
   -0.138888888889E-01    0.999929503204E+00
    0.138888888889E-01    0.999929503204E+00
    0.416666666667E-01    0.999978255317E+00
    0.694444444444E-01    0.100002484691E+01
    0.972222222222E-01    0.100003544694E+01
    0.125000000000E+00    0.100002186746E+01
    0.152777777778E+00    0.100000792976E+01
    0.180555555556E+00    0.100000177320E+01
    0.208333333333E+00    0.100000028618E+01
    0.236111111111E+00    0.100000006522E+01
    0.263888888889E+00    0.100000002110E+01
    0.291666666667E+00    0.100000000421E+01
    0.319444444444E+00    0.100000000040E+01
    0.347222222222E+00    0.100000000006E+01
    0.375000000000E+00    0.100000000003E+01
    0.402777777778E+00    0.100000000001E+01
    0.430555555556E+00    0.100000000000E+01
    0.458333333333E+00    0.100000000000E+01
    0.486111111111E+00    0.100000000000E+01
 
"Time =  0.422347E-01
   -0.486111111111E+00    0.100000000000E+01
   -0.458333333333E+00    0.999999999995E+00
   -0.430555555556E+00    0.100000000001E+01
   -0.402777777778E+00    0.100000000016E+01
   -0.375000000000E+00    0.100000000026E+01
   -0.347222222222E+00    0.999999999699E+00
   -0.319444444444E+00    0.100000000597E+01
   -0.291666666667E+00    0.100000005107E+01
   -0.263888888889E+00    0.100000015404E+01
   -0.236111111111E+00    0.100000033686E+01
   -0.208333333333E+00    0.100000180978E+01
   -0.180555555556E+00    0.100001064598E+01
   -0.152777777778E+00    0.100003890458E+01
   -0.125000000000E+00    0.100008868742E+01
   -0.972222222222E-01    0.100012161200E+01
   -0.694444444444E-01    0.100006700734E+01
   -0.416666666667E-01    0.999909936510E+00
   -0.138888888889E-01    0.999760848317E+00
    0.138888888889E-01    0.999760848317E+00
    0.416666666667E-01    0.999909936510E+00
    0.694444444444E-01    0.100006700734E+01
    0.972222222222E-01    0.100012161200E+01
    0.125000000000E+00    0.100008868742E+01
    0.152777777778E+00    0.100003890458E+01
    0.180555555556E+00    0.100001064598E+01
    0.208333333333E+00    0.100000180978E+01
    0.236111111111E+00    0.100000033686E+01
    0.263888888889E+00    0.100000015404E+01
    0.291666666667E+00    0.100000005107E+01
    0.319444444444E+00    0.100000000597E+01
    0.347222222222E+00    0.999999999699E+00
    0.375000000000E+00    0.100000000026E+01
    0.402777777778E+00    0.100000000016E+01
    0.430555555556E+00    0.100000000001E+01
    0.458333333333E+00    0.999999999995E+00
    0.486111111111E+00    0.100000000000E+01
 
"Time =  0.633509E-01
   -0.486111111111E+00    0.999999999976E+00
   -0.458333333333E+00    0.100000000000E+01
   -0.430555555556E+00    0.100000000045E+01
   -0.402777777778E+00    0.100000000065E+01
   -0.375000000000E+00    0.999999997932E+00
   -0.347222222222E+00    0.100000000339E+01
   -0.319444444444E+00    0.100000007105E+01
   -0.291666666667E+00    0.100000022777E+01
   -0.263888888889E+00    0.100000037320E+01
   -0.236111111111E+00    0.100000137745E+01
   -0.208333333333E+00    0.100000924556E+01
   -0.180555555556E+00    0.100003919135E+01
   -0.152777777778E+00    0.100010542521E+01
   -0.125000000000E+00    0.100018739258E+01
   -0.972222222222E-01    0.100020528024E+01
   -0.694444444444E-01    0.100007035296E+01
   -0.416666666667E-01    0.999803279771E+00
   -0.138888888889E-01    0.999577780459E+00
    0.138888888889E-01    0.999577780459E+00
    0.416666666667E-01    0.999803279771E+00
    0.694444444444E-01    0.100007035296E+01
    0.972222222222E-01    0.100020528024E+01
    0.125000000000E+00    0.100018739258E+01
    0.152777777778E+00    0.100010542521E+01
    0.180555555556E+00    0.100003919135E+01
    0.208333333333E+00    0.100000924556E+01
    0.236111111111E+00    0.100000137745E+01
    0.263888888889E+00    0.100000037320E+01
    0.291666666667E+00    0.100000022777E+01
    0.319444444444E+00    0.100000007105E+01
    0.347222222222E+00    0.100000000339E+01
    0.375000000000E+00    0.999999997932E+00
    0.402777777778E+00    0.100000000065E+01
    0.430555555556E+00    0.100000000045E+01
    0.458333333333E+00    0.100000000000E+01
    0.486111111111E+00    0.999999999976E+00
 
"Time =  0.844684E-01
   -0.486111111111E+00    0.999999999984E+00
   -0.458333333333E+00    0.100000000095E+01
   -0.430555555556E+00    0.100000000118E+01
   -0.402777777778E+00    0.999999995087E+00
   -0.375000000000E+00    0.999999999373E+00
   -0.347222222222E+00    0.100000008925E+01
   -0.319444444444E+00    0.100000028408E+01
   -0.291666666667E+00    0.100000038369E+01
   -0.263888888889E+00    0.100000099375E+01
   -0.236111111111E+00    0.100000758899E+01
   -0.208333333333E+00    0.100003516805E+01
   -0.180555555556E+00    0.100010194919E+01
   -0.152777777778E+00    0.100020255397E+01
   -0.125000000000E+00    0.100027851296E+01
   -0.972222222222E-01    0.100023295291E+01
   -0.694444444444E-01    0.100001118462E+01
   -0.416666666667E-01    0.999685927973E+00
   -0.138888888889E-01    0.999442414079E+00
    0.138888888889E-01    0.999442414079E+00
    0.416666666667E-01    0.999685927973E+00
    0.694444444444E-01    0.100001118462E+01
    0.972222222222E-01    0.100023295291E+01
    0.125000000000E+00    0.100027851296E+01
    0.152777777778E+00    0.100020255397E+01
    0.180555555556E+00    0.100010194919E+01
    0.208333333333E+00    0.100003516805E+01
    0.236111111111E+00    0.100000758899E+01
    0.263888888889E+00    0.100000099375E+01
    0.291666666667E+00    0.100000038369E+01
    0.319444444444E+00    0.100000028408E+01
    0.347222222222E+00    0.100000008925E+01
    0.375000000000E+00    0.999999999373E+00
    0.402777777778E+00    0.999999995087E+00
    0.430555555556E+00    0.100000000118E+01
    0.458333333333E+00    0.100000000095E+01
    0.486111111111E+00    0.999999999984E+00
 
"Time =  0.101364E+00
   -0.486111111111E+00    0.100000000097E+01
   -0.458333333333E+00    0.100000000227E+01
   -0.430555555556E+00    0.999999994812E+00
   -0.402777777778E+00    0.999999989664E+00
   -0.375000000000E+00    0.100000006782E+01
   -0.347222222222E+00    0.100000028375E+01
   -0.319444444444E+00    0.100000040138E+01
   -0.291666666667E+00    0.100000047703E+01
   -0.263888888889E+00    0.100000426284E+01
   -0.236111111111E+00    0.100002426719E+01
   -0.208333333333E+00    0.100007948558E+01
   -0.180555555556E+00    0.100017601778E+01
   -0.152777777778E+00    0.100027992894E+01
   -0.125000000000E+00    0.100031406910E+01
   -0.972222222222E-01    0.100020139047E+01
   -0.694444444444E-01    0.999933295941E+00
   -0.416666666667E-01    0.999605927400E+00
   -0.138888888889E-01    0.999380137225E+00
    0.138888888889E-01    0.999380137225E+00
    0.416666666667E-01    0.999605927400E+00
    0.694444444444E-01    0.999933295941E+00
    0.972222222222E-01    0.100020139047E+01
    0.125000000000E+00    0.100031406910E+01
    0.152777777778E+00    0.100027992894E+01
    0.180555555556E+00    0.100017601778E+01
    0.208333333333E+00    0.100007948558E+01
    0.236111111111E+00    0.100002426719E+01
    0.263888888889E+00    0.100000426284E+01
    0.291666666667E+00    0.100000047703E+01
    0.319444444444E+00    0.100000040138E+01
    0.347222222222E+00    0.100000028375E+01
    0.375000000000E+00    0.100000006782E+01
    0.402777777778E+00    0.999999989664E+00
    0.430555555556E+00    0.999999994812E+00
    0.458333333333E+00    0.100000000227E+01
    0.486111111111E+00    0.100000000097E+01
 
