    0.000000000000E+00    0.100000000850E+03
    0.239392318552E-01    0.100000003620E+03
    0.478751816853E-01    0.100000008537E+03
    0.718075686531E-01    0.100000016018E+03
    0.957359030208E-01    0.100000026660E+03
    0.119659495241E+00    0.100000041251E+03
    0.143577463357E+00    0.100000060765E+03
    0.167488745261E+00    0.100000086374E+03
    0.191392106887E+00    0.100000119454E+03
    0.215286145360E+00    0.100000161596E+03
    0.239169288518E+00    0.100000214626E+03
    0.263039791592E+00    0.100000280625E+03
    0.286895733647E+00    0.100000361951E+03
    0.310735013599E+00    0.100000461265E+03
    0.334555346505E+00    0.100000581556E+03
    0.358354258939E+00    0.100000726171E+03
    0.382129083899E+00    0.100000898834E+03
    0.405876954863E+00    0.100001103676E+03
    0.429594799983E+00    0.100001345269E+03
    0.453279336363E+00    0.100001628649E+03
    0.476927065060E+00    0.100001959355E+03
    0.500534266421E+00    0.100002343457E+03
    0.524096996002E+00    0.100002787594E+03
    0.547611080721E+00    0.100003299009E+03
    0.571072115521E+00    0.100003885588E+03
    0.594475460364E+00    0.100004555899E+03
    0.617816237872E+00    0.100005319235E+03
    0.641089331445E+00    0.100006185660E+03
    0.664289384107E+00    0.100007166055E+03
    0.687410797971E+00    0.100008272168E+03
    0.710447734560E+00    0.100009516668E+03
    0.733394115922E+00    0.100010913202E+03
    0.756243626751E+00    0.100012476454E+03
    0.778989717480E+00    0.100014222210E+03
    0.801625608508E+00    0.100016167432E+03
    0.824144295566E+00    0.100018330330E+03
    0.846538556397E+00    0.100020730447E+03
    0.868800958823E+00    0.100023388746E+03
    0.890923870371E+00    0.100026327713E+03
    0.912899469570E+00    0.100029571463E+03
    0.934719759092E+00    0.100033145859E+03
    0.956376580847E+00    0.100037078651E+03
    0.977861633207E+00    0.100041399618E+03
    0.999166490489E+00    0.100046140740E+03
