    0.000000000000E+00    0.100000000612E+03
    0.203483470769E-01    0.100000002583E+03
    0.406943389895E-01    0.100000006032E+03
    0.610378178095E-01    0.100000011173E+03
    0.813785183407E-01    0.100000018317E+03
    0.101716071269E+00    0.100000027872E+03
    0.122050005382E+00    0.100000040344E+03
    0.142379751866E+00    0.100000056334E+03
    0.162704648734E+00    0.100000076548E+03
    0.183023943890E+00    0.100000101795E+03
    0.203336796668E+00    0.100000132993E+03
    0.223642277895E+00    0.100000171180E+03
    0.243939368997E+00    0.100000217517E+03
    0.264226960576E+00    0.100000273302E+03
    0.284503850794E+00    0.100000339978E+03
    0.304768743682E+00    0.100000419145E+03
    0.325020247322E+00    0.100000512572E+03
    0.345256871830E+00    0.100000622207E+03
    0.365477027097E+00    0.100000750186E+03
    0.385679020331E+00    0.100000898853E+03
    0.405861053494E+00    0.100001070762E+03
    0.426021220765E+00    0.100001268697E+03
    0.446157506110E+00    0.100001495684E+03
    0.466267781015E+00    0.100001755005E+03
    0.486349802407E+00    0.100002050211E+03
    0.506401210722E+00    0.100002385138E+03
    0.526419528150E+00    0.100002763922E+03
    0.546402157021E+00    0.100003191019E+03
    0.566346378358E+00    0.100003671215E+03
    0.586249350611E+00    0.100004209650E+03
    0.606108108585E+00    0.100004811831E+03
    0.625919562578E+00    0.100005483659E+03
    0.645680497763E+00    0.100006231439E+03
    0.665387573821E+00    0.100007061910E+03
    0.685037324848E+00    0.100007982264E+03
    0.704626159569E+00    0.100009000166E+03
    0.724150361886E+00    0.100010123786E+03
    0.743606091768E+00    0.100011361819E+03
    0.762989386522E+00    0.100012723514E+03
    0.782296162466E+00    0.100014218707E+03
    0.801522217031E+00    0.100015857847E+03
    0.820663231325E+00    0.100017652035E+03
    0.839714773187E+00    0.100019613056E+03
    0.858672300789E+00    0.100021753420E+03
    0.877531166801E+00    0.100024086403E+03
    0.896286623185E+00    0.100026626094E+03
    0.914933826647E+00    0.100029387441E+03
    0.933467844811E+00    0.100032386309E+03
    0.951883663142E+00    0.100035639538E+03
    0.970176192675E+00    0.100039165004E+03
    0.988340278609E+00    0.100042981695E+03
