    0.000000000000E+00    0.152223550703E+02
    0.478920744346E-03    0.152118850176E+02
    0.915631961739E-03    0.152037009249E+02
    0.131498258885E-02    0.151972041313E+02
    0.169521109081E-02    0.151918668952E+02
    0.206312325391E-02    0.151873095141E+02
    0.242202173711E-02    0.151832654490E+02
    0.277377464418E-02    0.151795484244E+02
    0.311955415300E-02    0.151760281651E+02
    0.346015663000E-02    0.151726155474E+02
    0.379615860678E-02    0.151692500406E+02
    0.412800423646E-02    0.151658913994E+02
    0.445605442235E-02    0.151625139245E+02
    0.478061577515E-02    0.151591022210E+02
    0.510195815443E-02    0.151556481837E+02
    0.542032540688E-02    0.151521487970E+02
    0.573594203802E-02    0.151486045179E+02
    0.604901743366E-02    0.151450180830E+02
    0.635974860644E-02    0.151413935525E+02
    0.666832205415E-02    0.151377358416E+02
    0.697491249056E-02    0.151340502267E+02
    0.727968532951E-02    0.151303418293E+02
    0.758280019079E-02    0.151266153769E+02
    0.788441115518E-02    0.151228750513E+02
    0.818466689415E-02    0.151191244039E+02
    0.848371068872E-02    0.151153663232E+02
    0.878168035665E-02    0.151116030437E+02
    0.907870811203E-02    0.151078361847E+02
    0.937492038515E-02    0.151040668108E+02
    0.967043763111E-02    0.151002955048E+02
    0.996537415425E-02    0.150965224479E+02
    0.102598379712E-01    0.150927474996E+02
    0.105539307281E-01    0.150889920801E+02
    0.108460620297E-01    0.150852676413E+02
    0.111353785679E-01    0.150815716717E+02
    0.114221037844E-01    0.150779020135E+02
    0.117064398251E-01    0.150742566599E+02
    0.119885712327E-01    0.150706337613E+02
    0.122686678594E-01    0.150670316259E+02
    0.125468872311E-01    0.150634487135E+02
    0.128233764682E-01    0.150598836267E+02
    0.130982738489E-01    0.150563350982E+02
    0.133717100888E-01    0.150528019752E+02
    0.136438093920E-01    0.150492832041E+02
    0.139146903279E-01    0.150457778131E+02
    0.141844665735E-01    0.150422848967E+02
    0.144532475484E-01    0.150388035986E+02
    0.147211389642E-01    0.150353307676E+02
    0.149882433015E-01    0.150318657481E+02
    0.152546513447E-01    0.150284082139E+02
    0.155204517468E-01    0.150249578624E+02
    0.157857322497E-01    0.150215143295E+02
    0.160505798014E-01    0.150180770436E+02
    0.163150804587E-01    0.150146431923E+02
    0.165793192104E-01    0.150112120280E+02
    0.168433710066E-01    0.150077832466E+02
    0.171073074660E-01    0.150043565774E+02
    0.173711979995E-01    0.150009317638E+02
    0.176351095744E-01    0.149975085442E+02
    0.178991065043E-01    0.149940866331E+02
    0.181632502739E-01    0.149906657034E+02
    0.184275994001E-01    0.149872453697E+02
    0.186922093281E-01    0.149838251746E+02
    0.189571323558E-01    0.149804045770E+02
    0.192224175813E-01    0.149769829449E+02
    0.194881108671E-01    0.149735595527E+02
    0.197542548147E-01    0.149701335830E+02
    0.200208887454E-01    0.149667041334E+02
    0.202880486842E-01    0.149632702285E+02
    0.205557673441E-01    0.149598308362E+02
    0.208240741120E-01    0.149563991344E+02
    0.210918812327E-01    0.149529830305E+02
    0.213585066390E-01    0.149495799529E+02
    0.216240901234E-01    0.149461874559E+02
    0.218887638719E-01    0.149428032326E+02
    0.221526529785E-01    0.149394250912E+02
    0.224158758764E-01    0.149360510146E+02
    0.226785447014E-01    0.149326791593E+02
    0.229407656255E-01    0.149293078664E+02
    0.232026390922E-01    0.149259356622E+02
    0.234642600070E-01    0.149225612485E+02
    0.237257178353E-01    0.149191835643E+02
    0.239870957849E-01    0.149158017727E+02
    0.242484707367E-01    0.149124152521E+02
    0.245099135606E-01    0.149090235776E+02
    0.247714893843E-01    0.149056265140E+02
    0.250332578308E-01    0.149022239956E+02
    0.252952732333E-01    0.148988166431E+02
    0.255575432038E-01    0.148954307502E+02
    0.258181068578E-01    0.148920648184E+02
    0.260771402214E-01    0.148887174954E+02
    0.263348057511E-01    0.148853873273E+02
    0.265912541428E-01    0.148820730853E+02
    0.268466247225E-01    0.148787737068E+02
    0.271010475338E-01    0.148754881204E+02
    0.273546452053E-01    0.148722152239E+02
    0.276075337326E-01    0.148689538703E+02
    0.278598231257E-01    0.148657028601E+02
    0.281116179420E-01    0.148624609390E+02
    0.283630177216E-01    0.148592268032E+02
    0.286141173419E-01    0.148559991091E+02
    0.288650073022E-01    0.148527764815E+02
    0.291157739518E-01    0.148495575259E+02
    0.293664996755E-01    0.148463408388E+02
    0.296172630518E-01    0.148431250164E+02
    0.298681384625E-01    0.148399086394E+02
    0.301191955500E-01    0.148366902870E+02
    0.303705014787E-01    0.148334685641E+02
    0.306221208936E-01    0.148302421292E+02
    0.308741158735E-01    0.148270097226E+02
    0.311265458733E-01    0.148237701927E+02
    0.313794676472E-01    0.148205225169E+02
    0.316329351480E-01    0.148172658172E+02
    0.318869993990E-01    0.148139993679E+02
    0.321417083397E-01    0.148107225939E+02
    0.323971066463E-01    0.148074350568E+02
    0.326532355312E-01    0.148041364190E+02
    0.329101325286E-01    0.148008263702E+02
    0.331678312800E-01    0.147975045197E+02
    0.334263613579E-01    0.147941742914E+02
    0.336854426420E-01    0.147908611008E+02
    0.339430873953E-01    0.147875634562E+02
    0.341994180846E-01    0.147842801914E+02
    0.344545508633E-01    0.147810103774E+02
    0.347085965563E-01    0.147777532308E+02
    0.349616616490E-01    0.147745073342E+02
    0.352138489076E-01    0.147712698324E+02
    0.354652563959E-01    0.147680401524E+02
    0.357159744139E-01    0.147648178984E+02
    0.359660897455E-01    0.147616027519E+02
    0.362156857332E-01    0.147583944445E+02
    0.364648423180E-01    0.147551927333E+02
    0.367136360687E-01    0.147519973763E+02
    0.369621402130E-01    0.147488081107E+02
    0.372104246761E-01    0.147456246319E+02
    0.374585561284E-01    0.147424465755E+02
    0.377065980417E-01    0.147392735011E+02
    0.379546107514E-01    0.147361048802E+02
    0.382026515211E-01    0.147329400871E+02
    0.384507746070E-01    0.147297783941E+02
    0.386990313174E-01    0.147266189712E+02
    0.389474700670E-01    0.147234608897E+02
    0.391961364221E-01    0.147203031300E+02
    0.394450731374E-01    0.147171445933E+02
    0.396943201833E-01    0.147139841176E+02
    0.399439147644E-01    0.147108204959E+02
    0.401938913315E-01    0.147076524976E+02
    0.404442815875E-01    0.147044788923E+02
    0.406951144914E-01    0.147012984741E+02
    0.409464162614E-01    0.146981100878E+02
    0.411982103805E-01    0.146949126541E+02
    0.414505176084E-01    0.146917051644E+02
    0.417033560008E-01    0.146884866874E+02
    0.419567409392E-01    0.146852625553E+02
    0.422102061757E-01    0.146820409487E+02
    0.424630753106E-01    0.146788204270E+02
    0.427154410421E-01    0.146755997667E+02
    0.429673905389E-01    0.146723779452E+02
    0.432190056341E-01    0.146691540628E+02
    0.434703629958E-01    0.146659275417E+02
    0.437215336482E-01    0.146626980195E+02
    0.439725826815E-01    0.146594653224E+02
    0.442235695622E-01    0.146562294490E+02
    0.444745484161E-01    0.146529905511E+02
    0.447255682898E-01    0.146497489013E+02
    0.449766734014E-01    0.146465048645E+02
    0.452279033831E-01    0.146432588684E+02
    0.454792935219E-01    0.146400110494E+02
    0.457308750010E-01    0.146367617848E+02
    0.459826751450E-01    0.146335116080E+02
    0.462347175007E-01    0.146302744017E+02
    0.464859824698E-01    0.146270528715E+02
    0.467363034761E-01    0.146238460141E+02
    0.469857896379E-01    0.146206527530E+02
    0.472345442498E-01    0.146174719358E+02
    0.474826652361E-01    0.146143023451E+02
    0.477302455236E-01    0.146111427107E+02
    0.479773733442E-01    0.146079917202E+02
    0.482241324816E-01    0.146048480352E+02
    0.484706024757E-01    0.146017103056E+02
    0.487168588001E-01    0.145985771801E+02
    0.489629730336E-01    0.145954473106E+02
    0.492090119699E-01    0.145923193394E+02
    0.494550385765E-01    0.145891919232E+02
    0.497011132171E-01    0.145860637618E+02
    0.499472936370E-01    0.145829336255E+02
    0.501936349421E-01    0.145798003826E+02
    0.504401895629E-01    0.145766630201E+02
    0.506870071989E-01    0.145735206594E+02
    0.509341347391E-01    0.145703725625E+02
    0.511816161586E-01    0.145672181271E+02
    0.514294923944E-01    0.145640568697E+02
    0.516778012032E-01    0.145608883883E+02
    0.519265770095E-01    0.145577123033E+02
    0.521758507568E-01    0.145545281956E+02
    0.524256497899E-01    0.145513356111E+02
    0.526759978122E-01    0.145481341720E+02
    0.529269149368E-01    0.145449237034E+02
    0.531784177506E-01    0.145417042716E+02
    0.534305192746E-01    0.145384761506E+02
    0.536832286942E-01    0.145352397764E+02
    0.539365506343E-01    0.145320118465E+02
    0.541892217493E-01    0.145287955980E+02
    0.544409929213E-01    0.145255873938E+02
    0.546919595884E-01    0.145223867236E+02
    0.549422081992E-01    0.145191932604E+02
    0.551918215530E-01    0.145160067585E+02
    0.554408788248E-01    0.145128270262E+02
    0.556894555691E-01    0.145096538986E+02
    0.559376237265E-01    0.145064872128E+02
    0.561854516433E-01    0.145033267841E+02
    0.564330041050E-01    0.145001723849E+02
    0.566803423850E-01    0.144970237250E+02
    0.569275243050E-01    0.144938804367E+02
    0.571746043025E-01    0.144907420622E+02
    0.574216335029E-01    0.144876080464E+02
    0.576686597902E-01    0.144844777330E+02
    0.579157278755E-01    0.144813503658E+02
    0.581628793578E-01    0.144782250945E+02
    0.584101527795E-01    0.144751009847E+02
    0.586575836719E-01    0.144719770312E+02
    0.589052045948E-01    0.144688521756E+02
    0.591530451697E-01    0.144657253266E+02
    0.594011321071E-01    0.144625953820E+02
    0.596494892339E-01    0.144594612526E+02
    0.598981375193E-01    0.144563218876E+02
    0.601470951053E-01    0.144531762991E+02
    0.603963773420E-01    0.144500235634E+02
    0.606459968327E-01    0.144468628302E+02
    0.608959634890E-01    0.144436933900E+02
    0.611462845908E-01    0.144405146758E+02
    0.613969648619E-01    0.144373262790E+02
    0.616480065715E-01    0.144341279616E+02
    0.618994096539E-01    0.144309195986E+02
    0.621511718439E-01    0.144277012806E+02
    0.624032888974E-01    0.144244733025E+02
    0.626557550513E-01    0.144212364208E+02
    0.629085407470E-01    0.144179965128E+02
    0.631612291598E-01    0.144147535608E+02
    0.634138727030E-01    0.144115077019E+02
    0.636665184382E-01    0.144082592153E+02
    0.639192083106E-01    0.144050084851E+02
    0.641719793802E-01    0.144017559700E+02
    0.644248640519E-01    0.143985019231E+02
    0.646778903103E-01    0.143952467079E+02
    0.649310819592E-01    0.143919924607E+02
    0.651843383493E-01    0.143887535222E+02
    0.654366012002E-01    0.143855289938E+02
    0.656879849502E-01    0.143823179139E+02
    0.659385977138E-01    0.143791192489E+02
    0.661885418237E-01    0.143759318911E+02
    0.664379142720E-01    0.143727546645E+02
    0.666868070646E-01    0.143695863349E+02
    0.669353075065E-01    0.143664256236E+02
    0.671834984275E-01    0.143632712233E+02
    0.674314583657E-01    0.143601218126E+02
    0.676792617236E-01    0.143569760675E+02
    0.679269789211E-01    0.143538326679E+02
    0.681746758340E-01    0.143506902839E+02
    0.684224139964E-01    0.143475476003E+02
    0.686702522340E-01    0.143444033469E+02
    0.689182466227E-01    0.143412563273E+02
    0.691664504405E-01    0.143381054469E+02
    0.694149141031E-01    0.143349497358E+02
    0.696636850796E-01    0.143317883647E+02
    0.699128077826E-01    0.143286206524E+02
    0.701623234328E-01    0.143254460612E+02
    0.704122699025E-01    0.143222641781E+02
    0.706626815406E-01    0.143190746733E+02
    0.709135889887E-01    0.143158772290E+02
    0.711650190048E-01    0.143126714657E+02
    0.714169943296E-01    0.143094569583E+02
    0.716695336522E-01    0.143062333886E+02
    0.719226516859E-01    0.143030006851E+02
    0.721763592338E-01    0.142997590448E+02
    0.724306630072E-01    0.142965088895E+02
    0.726855648292E-01    0.142932700730E+02
    0.729395511806E-01    0.142900432762E+02
    0.731926124998E-01    0.142868265514E+02
    0.734448478492E-01    0.142836170816E+02
    0.736963504870E-01    0.142804144142E+02
    0.739472059100E-01    0.142772182373E+02
    0.741974959919E-01    0.142740283104E+02
    0.744472989874E-01    0.142708444369E+02
    0.746966895221E-01    0.142676664386E+02
    0.749457385886E-01    0.142644941326E+02
    0.751945135548E-01    0.142613273070E+02
    0.754430781885E-01    0.142581657003E+02
    0.756914926956E-01    0.142550089838E+02
    0.759398137696E-01    0.142518567469E+02
    0.761880946482E-01    0.142487084867E+02
    0.764363851726E-01    0.142455636014E+02
    0.766847318458E-01    0.142424213895E+02
    0.769331778869E-01    0.142392810516E+02
    0.771817632785E-01    0.142361416992E+02
    0.774305248079E-01    0.142330023654E+02
    0.776794960990E-01    0.142298620213E+02
    0.779287076395E-01    0.142267195950E+02
    0.781781868009E-01    0.142235739928E+02
    0.784279578566E-01    0.142204241238E+02
    0.786780419996E-01    0.142172689249E+02
    0.789284573620E-01    0.142141073867E+02
    0.791792190411E-01    0.142109385790E+02
    0.794303391329E-01    0.142077616238E+02
    0.796818267777E-01    0.142045757689E+02
    0.799336882188E-01    0.142013804067E+02
    0.801859268627E-01    0.141981750869E+02
    0.804385433713E-01    0.141949595309E+02
    0.806915357767E-01    0.141917336083E+02
    0.809448996146E-01    0.141884973527E+02
    0.811986280991E-01    0.141852510331E+02
    0.814527125791E-01    0.141820007603E+02
    0.817067016155E-01    0.141787467472E+02
    0.819606173883E-01    0.141754888999E+02
    0.822145157524E-01    0.141722272871E+02
    0.824684470143E-01    0.141689621322E+02
    0.827224561648E-01    0.141656937799E+02
    0.829765831041E-01    0.141624226647E+02
    0.832308628651E-01    0.141591492028E+02
    0.834853258391E-01    0.141558735685E+02
    0.837399980069E-01    0.141526122342E+02
    0.839936679674E-01    0.141493661683E+02
    0.842463190346E-01    0.141461344713E+02
    0.844980695535E-01    0.141429161882E+02
    0.847490312837E-01    0.141397102956E+02
    0.849993099971E-01    0.141365156972E+02
    0.852490059654E-01    0.141333312259E+02
    0.854982143540E-01    0.141301556528E+02
    0.857470255390E-01    0.141269876989E+02
    0.859955253579E-01    0.141238260504E+02
    0.862437953107E-01    0.141206693735E+02
    0.864919127235E-01    0.141175163272E+02
    0.867399508981E-01    0.141143655739E+02
    0.869879789548E-01    0.141112157634E+02
    0.872360609283E-01    0.141080655497E+02
    0.874842581696E-01    0.141049136200E+02
    0.877326293027E-01    0.141017587252E+02
    0.879812301769E-01    0.140985997082E+02
    0.882301138056E-01    0.140954355296E+02
    0.884793302838E-01    0.140922652869E+02
    0.887289266807E-01    0.140890882260E+02
    0.889789469049E-01    0.140859037420E+02
    0.892294315450E-01    0.140827113678E+02
    0.894804176877E-01    0.140795107436E+02
    0.897319387223E-01    0.140763015567E+02
    0.899840241402E-01    0.140730834560E+02
    0.902366993589E-01    0.140698560083E+02
    0.904899856218E-01    0.140666188077E+02
    0.907439000265E-01    0.140633716580E+02
    0.909984556161E-01    0.140601146485E+02
    0.912536613629E-01    0.140568530437E+02
    0.915091368963E-01    0.140536044172E+02
    0.917635487255E-01    0.140503680060E+02
    0.920170015928E-01    0.140471429801E+02
    0.922695964467E-01    0.140439254059E+02
    0.925214306005E-01    0.140407147454E+02
    0.927725915812E-01    0.140375106517E+02
    0.930231632770E-01    0.140343128593E+02
    0.932732259586E-01    0.140311211557E+02
    0.935228562749E-01    0.140279353552E+02
    0.937721272479E-01    0.140247552739E+02
    0.940211082777E-01    0.140215807063E+02
    0.942698651627E-01    0.140184114036E+02
    0.945184601333E-01    0.140152470548E+02
    0.947669518974E-01    0.140120872710E+02
    0.950153956949E-01    0.140089315732E+02
    0.952638433554E-01    0.140057793848E+02
    0.955123433562E-01    0.140026300279E+02
    0.957609408765E-01    0.139994827249E+02
    0.960096778462E-01    0.139963366041E+02
    0.962585929873E-01    0.139931907103E+02
    0.965077218467E-01    0.139900440193E+02
    0.967570968222E-01    0.139868954553E+02
    0.970067471826E-01    0.139837439124E+02
    0.972566990826E-01    0.139805882777E+02
    0.975069755773E-01    0.139774274563E+02
    0.977575966370E-01    0.139742603974E+02
    0.980085791671E-01    0.139710861199E+02
    0.982599370349E-01    0.139679037155E+02
    0.985116811067E-01    0.139647123559E+02
    0.987638192982E-01    0.139615113634E+02
    0.990163566321E-01    0.139583002127E+02
    0.992692953123E-01    0.139550785473E+02
    0.995226348287E-01    0.139518461907E+02
    0.997763720820E-01    0.139486030739E+02
    0.100030501527E+00    0.139453521099E+02
    0.100284802401E+00    0.139420978371E+02
    0.100538942504E+00    0.139388398775E+02
    0.100792986342E+00    0.139355780606E+02
    0.101046992502E+00    0.139323123918E+02
    0.101301013903E+00    0.139290430387E+02
    0.101555098042E+00    0.139257703042E+02
    0.101809287221E+00    0.139224945935E+02
    0.102063618773E+00    0.139192163832E+02
    0.102318125291E+00    0.139159358356E+02
    0.102572834855E+00    0.139126597662E+02
    0.102827281613E+00    0.139093995993E+02
    0.103080642862E+00    0.139061544536E+02
    0.103333040295E+00    0.139029233999E+02
    0.103584588677E+00    0.138997054447E+02
    0.103835396500E+00    0.138964995224E+02
    0.104085566516E+00    0.138933044951E+02
    0.104335196176E+00    0.138901191585E+02
    0.104584377977E+00    0.138869422533E+02
    0.104833199748E+00    0.138837724791E+02
    0.105081744867E+00    0.138806085093E+02
    0.105330092452E+00    0.138774490060E+02
    0.105578317511E+00    0.138742926305E+02
    0.105826491102E+00    0.138711380428E+02
    0.106074679274E+00    0.138679838954E+02
    0.106322944419E+00    0.138648288614E+02
    0.106571346216E+00    0.138616716643E+02
    0.106819941586E+00    0.138585111066E+02
    0.107068784637E+00    0.138553460974E+02
    0.107317926592E+00    0.138521756737E+02
    0.107567415698E+00    0.138489990150E+02
    0.107817297101E+00    0.138458154484E+02
    0.108067612702E+00    0.138426244421E+02
    0.108318400991E+00    0.138394255840E+02
    0.108569696856E+00    0.138362185363E+02
    0.108821531397E+00    0.138330029653E+02
    0.109073931738E+00    0.138297784785E+02
    0.109326920904E+00    0.138265446630E+02
    0.109580517788E+00    0.138233012370E+02
    0.109834737220E+00    0.138200481679E+02
    0.110089590005E+00    0.138167856822E+02
    0.110345082732E+00    0.138135250462E+02
    0.110600370228E+00    0.138102771718E+02
    0.110854641422E+00    0.138070413016E+02
    0.111107998928E+00    0.138038150442E+02
    0.111360541723E+00    0.138005960343E+02
    0.111612362108E+00    0.137973838712E+02
    0.111863545447E+00    0.137941782505E+02
    0.112114173472E+00    0.137909789352E+02
    0.112364324288E+00    0.137877857284E+02
    0.112614072362E+00    0.137845984474E+02
    0.112863488523E+00    0.137814169000E+02
    0.113112639974E+00    0.137782408616E+02
    0.113361590316E+00    0.137750700549E+02
    0.113610399592E+00    0.137719041331E+02
    0.113859124336E+00    0.137687426658E+02
    0.114107817626E+00    0.137655851294E+02
    0.114356529151E+00    0.137624309013E+02
    0.114605305261E+00    0.137592792594E+02
    0.114854189024E+00    0.137561293856E+02
    0.115103220272E+00    0.137529803742E+02
    0.115352435639E+00    0.137498312438E+02
    0.115601868596E+00    0.137466809541E+02
    0.115851549470E+00    0.137435284246E+02
    0.116101505473E+00    0.137403725569E+02
    0.116351760712E+00    0.137372122588E+02
    0.116602336213E+00    0.137340464693E+02
    0.116853249937E+00    0.137308741839E+02
    0.117104516812E+00    0.137276944801E+02
    0.117356148766E+00    0.137245064799E+02
    0.117608154779E+00    0.137213094490E+02
    0.117860540939E+00    0.137181027946E+02
    0.118113310510E+00    0.137148860821E+02
    0.118366464028E+00    0.137116590497E+02
    0.118619999422E+00    0.137084215825E+02
    0.118873912152E+00    0.137051737283E+02
    0.119128195386E+00    0.137019162824E+02
    0.119382800612E+00    0.136986555126E+02
    0.119637266019E+00    0.136953911447E+02
    0.119891652700E+00    0.136921230957E+02
    0.120146015938E+00    0.136888514479E+02
    0.120400405456E+00    0.136855764368E+02
    0.120654865654E+00    0.136822984143E+02
    0.120909435837E+00    0.136790178192E+02
    0.121164150441E+00    0.136757350233E+02
    0.121419039268E+00    0.136724502531E+02
    0.121674127719E+00    0.136691752065E+02
    0.121928575625E+00    0.136659156455E+02
    0.122181994098E+00    0.136626706645E+02
    0.122434501154E+00    0.136594393028E+02
    0.122686208187E+00    0.136562205324E+02
    0.122937220566E+00    0.136530132542E+02
    0.123187638112E+00    0.136498163005E+02
    0.123437555495E+00    0.136466284444E+02
    0.123687062545E+00    0.136434484114E+02
    0.123936244508E+00    0.136402748947E+02
    0.124185182244E+00    0.136371065694E+02
    0.124433952407E+00    0.136339421063E+02
    0.124682627593E+00    0.136307801832E+02
    0.124931276510E+00    0.136276194695E+02
    0.125179962411E+00    0.136244586413E+02
    0.125428745736E+00    0.136212964099E+02
    0.125677684153E+00    0.136181315513E+02
    0.125926832511E+00    0.136149629333E+02
    0.126176242774E+00    0.136117895399E+02
    0.126425963938E+00    0.136086104892E+02
    0.126676041924E+00    0.136054250419E+02
    0.126926519447E+00    0.136022326007E+02
    0.127177435862E+00    0.135990326958E+02
    0.127428826990E+00    0.135958249543E+02
    0.127680724943E+00    0.135926090487E+02
    0.127933157941E+00    0.135893846425E+02
    0.128186150174E+00    0.135861513811E+02
    0.128439721726E+00    0.135829089740E+02
    0.128693888593E+00    0.135796573088E+02
    0.128948662716E+00    0.135763965019E+02
    0.129204051930E+00    0.135731268881E+02
    0.129460059413E+00    0.135698662368E+02
    0.129715332971E+00    0.135666180854E+02
    0.129969637159E+00    0.135633816675E+02
    0.130223072642E+00    0.135601529428E+02
    0.130475736567E+00    0.135569313758E+02
    0.130727715931E+00    0.135537166113E+02
    0.130979094040E+00    0.135505083756E+02
    0.131229950551E+00    0.135473064487E+02
    0.131480361471E+00    0.135441106380E+02
    0.131730399149E+00    0.135409207538E+02
    0.131980132281E+00    0.135377365858E+02
    0.132229625930E+00    0.135345578823E+02
    0.132478941560E+00    0.135313843318E+02
    0.132728137076E+00    0.135282155471E+02
    0.132977266887E+00    0.135250510544E+02
    0.133226381955E+00    0.135218902857E+02
    0.133475529858E+00    0.135187325751E+02
    0.133724754849E+00    0.135155771612E+02
    0.133974097899E+00    0.135124231924E+02
    0.134223596749E+00    0.135092697377E+02
    0.134473285941E+00    0.135061157998E+02
    0.134723196853E+00    0.135029603340E+02
    0.134973357721E+00    0.134998022675E+02
    0.135223793663E+00    0.134966405232E+02
    0.135474526700E+00    0.134934740426E+02
    0.135725575774E+00    0.134903018122E+02
    0.135976956784E+00    0.134871228873E+02
    0.136228682615E+00    0.134839363889E+02
    0.136480763185E+00    0.134807415264E+02
    0.136733205510E+00    0.134775376527E+02
    0.136986013760E+00    0.134743242692E+02
    0.137239189352E+00    0.134711010404E+02
    0.137492731061E+00    0.134678678053E+02
    0.137746635151E+00    0.134646245032E+02
    0.138000895528E+00    0.134613713242E+02
    0.138255504040E+00    0.134581086454E+02
    0.138510450927E+00    0.134548426221E+02
    0.138765288420E+00    0.134515731707E+02
    0.139020066947E+00    0.134483002833E+02
    0.139274838683E+00    0.134450241150E+02
    0.139529650361E+00    0.134417449527E+02
    0.139784543502E+00    0.134384631845E+02
    0.140039554647E+00    0.134351792694E+02
    0.140294715585E+00    0.134318933670E+02
    0.140550053588E+00    0.134286073449E+02
    0.140805483968E+00    0.134253373108E+02
    0.141059818201E+00    0.134220823663E+02
    0.141313177900E+00    0.134188415696E+02
    0.141565677679E+00    0.134156139193E+02
    0.141817425816E+00    0.134123983463E+02
    0.142068524786E+00    0.134091937134E+02
    0.142319071699E+00    0.134059988212E+02
    0.142569158652E+00    0.134028124180E+02
    0.142818873018E+00    0.133996332136E+02
    0.143068297670E+00    0.133964598941E+02
    0.143317511171E+00    0.133932911349E+02
    0.143566587945E+00    0.133901256138E+02
    0.143815598430E+00    0.133869620148E+02
    0.144064608598E+00    0.133837990168E+02
    0.144313679951E+00    0.133806353201E+02
    0.144562871228E+00    0.133774696739E+02
    0.144812238357E+00    0.133743009057E+02
    0.145061834399E+00    0.133711279460E+02
    0.145311709475E+00    0.133679498485E+02
    0.145561910670E+00    0.133647658039E+02
    0.145812481914E+00    0.133615751426E+02
    0.146063463850E+00    0.133583773283E+02
    0.146314893665E+00    0.133551719357E+02
    0.146566804931E+00    0.133519586143E+02
    0.146819227425E+00    0.133487370411E+02
    0.147072186984E+00    0.133455068930E+02
    0.147325705400E+00    0.133422678784E+02
    0.147579800389E+00    0.133390198239E+02
    0.147834485607E+00    0.133357627461E+02
    0.148089770635E+00    0.133324968681E+02
    0.148345660795E+00    0.133292293018E+02
    0.148601631819E+00    0.133259721977E+02
    0.148856770927E+00    0.133227272669E+02
    0.149110983864E+00    0.133194922141E+02
    0.149364369533E+00    0.133162646057E+02
    0.149617020233E+00    0.133130440264E+02
    0.149869021015E+00    0.133098301573E+02
    0.150120453274E+00    0.133066227474E+02
    0.150371394750E+00    0.133034215862E+02
    0.150621919522E+00    0.133002264786E+02
    0.150872098012E+00    0.132970372215E+02
    0.151121996993E+00    0.132938535814E+02
    0.151371679617E+00    0.132906752748E+02
    0.151621205458E+00    0.132875019517E+02
    0.151870630553E+00    0.132843331822E+02
    0.152120007469E+00    0.132811684468E+02
    0.152369385356E+00    0.132780071314E+02
    0.152618810007E+00    0.132748485264E+02
    0.152868323909E+00    0.132716918303E+02
    0.153117966300E+00    0.132685361580E+02
    0.153367773201E+00    0.132653805524E+02
    0.153617777459E+00    0.132622240003E+02
    0.153868008772E+00    0.132590654513E+02
    0.154118493718E+00    0.132559038388E+02
    0.154369255775E+00    0.132527381035E+02
    0.154620315347E+00    0.132495672174E+02
    0.154871689791E+00    0.132463902088E+02
    0.155123393450E+00    0.132432061845E+02
    0.155375437699E+00    0.132400142978E+02
    0.155627830994E+00    0.132368138417E+02
    0.155880578946E+00    0.132336042463E+02
    0.156133684384E+00    0.132303850961E+02
    0.156387147466E+00    0.132271561425E+02
    0.156640965796E+00    0.132239172814E+02
    0.156895134574E+00    0.132206685629E+02
    0.157149646766E+00    0.132174102669E+02
    0.157404493556E+00    0.132141439705E+02
    0.157659577231E+00    0.132108744415E+02
    0.157914563527E+00    0.132076015827E+02
    0.158169507466E+00    0.132043254588E+02
    0.158424458510E+00    0.132010462861E+02
    0.158679460799E+00    0.131977643960E+02
    0.158934553389E+00    0.131944802064E+02
    0.159189770476E+00    0.131911940652E+02
    0.159445141634E+00    0.131879061935E+02
    0.159700692053E+00    0.131846250769E+02
    0.159955828465E+00    0.131813595991E+02
    0.160209918017E+00    0.131781088384E+02
    0.160463078976E+00    0.131748718229E+02
    0.160715422908E+00    0.131716475179E+02
    0.160967055282E+00    0.131684348217E+02
    0.161218075959E+00    0.131652325681E+02
    0.161468579588E+00    0.131620395345E+02
    0.161718655930E+00    0.131588544534E+02
    0.161968390117E+00    0.131556760262E+02
    0.162217862864E+00    0.131525029378E+02
    0.162467150649E+00    0.131493338698E+02
    0.162716325872E+00    0.131461675115E+02
    0.162965457025E+00    0.131430025509E+02
    0.163214607472E+00    0.131398376817E+02
    0.163463837248E+00    0.131366716317E+02
    0.163713203599E+00    0.131335031913E+02
    0.163962760931E+00    0.131303312399E+02
    0.164212560748E+00    0.131271547689E+02
    0.164462651571E+00    0.131239728988E+02
    0.164713078839E+00    0.131207848879E+02
    0.164963884785E+00    0.131175901306E+02
    0.165215108291E+00    0.131143881444E+02
    0.165466784728E+00    0.131111785423E+02
    0.165718945794E+00    0.131079609925E+02
    0.165971619356E+00    0.131047351791E+02
    0.166224829321E+00    0.131015007987E+02
    0.166478595575E+00    0.130982576177E+02
    0.166732933971E+00    0.130950055524E+02
    0.166987856343E+00    0.130917447135E+02
    0.167243370447E+00    0.130884754045E+02
    0.167499479548E+00    0.130852085608E+02
    0.167755362644E+00    0.130819544496E+02
    0.168010254889E+00    0.130787122763E+02
    0.168264257230E+00    0.130754783448E+02
    0.168517467006E+00    0.130722517745E+02
    0.168769972015E+00    0.130690321928E+02
    0.169021855665E+00    0.130658193109E+02
    0.169273197696E+00    0.130626128962E+02
    0.169524074184E+00    0.130594127457E+02
    0.169774557538E+00    0.130562186621E+02
    0.170024716510E+00    0.130530304303E+02
    0.170274616207E+00    0.130498477969E+02
    0.170524318131E+00    0.130466704519E+02
    0.170773880222E+00    0.130434980129E+02
    0.171023356917E+00    0.130403300141E+02
    0.171272799202E+00    0.130371658982E+02
    0.171522254680E+00    0.130340050133E+02
    0.171771767624E+00    0.130308466138E+02
    0.172021379036E+00    0.130276898661E+02
    0.172271126690E+00    0.130245338578E+02
    0.172521045174E+00    0.130213776119E+02
    0.172771165929E+00    0.130182201028E+02
    0.173021517271E+00    0.130150602769E+02
    0.173272124426E+00    0.130118970739E+02
    0.173523009548E+00    0.130087294506E+02
    0.173774191751E+00    0.130055564053E+02
    0.174025687138E+00    0.130023770020E+02
    0.174277508844E+00    0.129991903707E+02
    0.174529667079E+00    0.129959957214E+02
    0.174782169198E+00    0.129927924039E+02
    0.175035019760E+00    0.129895799117E+02
    0.175288220624E+00    0.129863578963E+02
    0.175541771051E+00    0.129831261791E+02
    0.175795667847E+00    0.129798846925E+02
    0.176049905502E+00    0.129766335869E+02
    0.176304476449E+00    0.129733732089E+02
    0.176559371530E+00    0.129701060135E+02
    0.176814429103E+00    0.129668356675E+02
    0.177069404742E+00    0.129635621358E+02
    0.177324351085E+00    0.129602855456E+02
    0.177579315322E+00    0.129570061586E+02
    0.177834339430E+00    0.129537243397E+02
    0.178089460408E+00    0.129504405281E+02
    0.178344710509E+00    0.129471549026E+02
    0.178600117474E+00    0.129438678934E+02
    0.178855704780E+00    0.129405930765E+02
    0.179110480317E+00    0.129373336129E+02
    0.179364251121E+00    0.129340885605E+02
    0.179617132630E+00    0.129308569216E+02
    0.179869233825E+00    0.129276376341E+02
    0.180120657789E+00    0.129244295698E+02
    0.180371502154E+00    0.129212315390E+02
    0.180621859472E+00    0.129180423008E+02
    0.180871817507E+00    0.129148605749E+02
    0.181121459478E+00    0.129116850563E+02
    0.181370864257E+00    0.129085144293E+02
    0.181620106539E+00    0.129053473789E+02
    0.181869257003E+00    0.129021826004E+02
    0.182118382170E+00    0.128990187828E+02
    0.182367543580E+00    0.128958546328E+02
    0.182616800011E+00    0.128926889024E+02
    0.182866207432E+00    0.128895204165E+02
    0.183115818949E+00    0.128863480986E+02
    0.183365684743E+00    0.128831709913E+02
    0.183615851979E+00    0.128799882705E+02
    0.183866364704E+00    0.128767992498E+02
    0.184117263712E+00    0.128736033751E+02
    0.184368586404E+00    0.128704002061E+02
    0.184620366622E+00    0.128671893836E+02
    0.184872634491E+00    0.128639705863E+02
    0.185125416277E+00    0.128607435001E+02
    0.185378734278E+00    0.128575078377E+02
    0.185632606792E+00    0.128542634119E+02
    0.185887048124E+00    0.128510102077E+02
    0.186142068586E+00    0.128477484076E+02
    0.186397674398E+00    0.128444835187E+02
    0.186653464669E+00    0.128412218594E+02
    0.186908981427E+00    0.128379726627E+02
    0.187163540900E+00    0.128347343680E+02
    0.187417242597E+00    0.128315037474E+02
    0.187670180899E+00    0.128282803596E+02
    0.187922441462E+00    0.128250638661E+02
    0.188174106271E+00    0.128218540020E+02
    0.188425253645E+00    0.128186505487E+02
    0.188675958243E+00    0.128154533088E+02
    0.188926291060E+00    0.128122620818E+02
    0.189176319436E+00    0.128090766424E+02
    0.189426107086E+00    0.128058967196E+02
    0.189675714135E+00    0.128027219806E+02
    0.189925197171E+00    0.127995520156E+02
    0.190174609302E+00    0.127963863284E+02
    0.190424000214E+00    0.127932243300E+02
    0.190673416238E+00    0.127900653367E+02
    0.190922900402E+00    0.127869085729E+02
    0.191172492487E+00    0.127837531779E+02
    0.191422229074E+00    0.127805982172E+02
    0.191672143581E+00    0.127774426966E+02
    0.191922266299E+00    0.127742855808E+02
    0.192172624422E+00    0.127711258134E+02
    0.192423242072E+00    0.127679623398E+02
    0.192674140328E+00    0.127647941303E+02
    0.192925337252E+00    0.127616202053E+02
    0.193176847929E+00    0.127584396590E+02
    0.193428684506E+00    0.127552516359E+02
    0.193680856251E+00    0.127520553976E+02
    0.193933369614E+00    0.127488503421E+02
    0.194186228300E+00    0.127456360159E+02
    0.194439433369E+00    0.127424121276E+02
    0.194692983349E+00    0.127391785474E+02
    0.194946874381E+00    0.127359352575E+02
    0.195201100367E+00    0.127326824849E+02
    0.195455653341E+00    0.127294206326E+02
    0.195710523847E+00    0.127261533112E+02
    0.195965464120E+00    0.127228828458E+02
    0.196220337592E+00    0.127196092556E+02
    0.196475194962E+00    0.127163327183E+02
    0.196730081568E+00    0.127130535333E+02
    0.196985037629E+00    0.127097720931E+02
    0.197240098474E+00    0.127064888376E+02
    0.197495294780E+00    0.127032038504E+02
    0.197750652808E+00    0.126999190337E+02
    0.198006091392E+00    0.126966501837E+02
    0.198260443079E+00    0.126933963863E+02
    0.198513827863E+00    0.126901566820E+02
    0.198766358853E+00    0.126869300522E+02
    0.199018142903E+00    0.126837154124E+02
    0.199269281131E+00    0.126805116128E+02
    0.199519869341E+00    0.126773174454E+02
    0.199769998362E+00    0.126741316544E+02
