    0.000000000000E+00    0.100000000686E+03
    0.215453086697E-01    0.100000002908E+03
    0.430879710429E-01    0.100000006811E+03
    0.646277939171E-01    0.100000012668E+03
    0.861644485148E-01    0.100000020871E+03
    0.107697475052E+00    0.100000031932E+03
    0.129226286152E+00    0.100000046489E+03
    0.150750173147E+00    0.100000065303E+03
    0.172268311824E+00    0.100000089262E+03
    0.193779765821E+00    0.100000119394E+03
    0.215283487870E+00    0.100000156865E+03
    0.236778319095E+00    0.100000202998E+03
    0.258262987326E+00    0.100000259279E+03
    0.279736104952E+00    0.100000327374E+03
    0.301196166712E+00    0.100000409145E+03
    0.322641547353E+00    0.100000506661E+03
    0.344070499057E+00    0.100000622213E+03
    0.365481148491E+00    0.100000758335E+03
    0.386871493554E+00    0.100000917813E+03
    0.408239399945E+00    0.100001103704E+03
    0.429582597754E+00    0.100001319356E+03
    0.450898678234E+00    0.100001568422E+03
    0.472185090818E+00    0.100001854880E+03
    0.493439140385E+00    0.100002183055E+03
    0.514657984769E+00    0.100002557637E+03
    0.535838632469E+00    0.100002983701E+03
    0.556977940582E+00    0.100003466731E+03
    0.578072612968E+00    0.100004012642E+03
    0.599119198677E+00    0.100004627806E+03
    0.620114090661E+00    0.100005319075E+03
    0.641053524811E+00    0.100006093807E+03
    0.661933579340E+00    0.100006959898E+03
    0.682750174547E+00    0.100007925807E+03
    0.703499072993E+00    0.100009000588E+03
    0.724175880144E+00    0.100010193924E+03
    0.744776045494E+00    0.100011516164E+03
    0.765294864230E+00    0.100012978352E+03
    0.785727479446E+00    0.100014592277E+03
    0.806068884981E+00    0.100016370507E+03
    0.826313928896E+00    0.100018326441E+03
    0.846457317661E+00    0.100020474351E+03
    0.866493621114E+00    0.100022829442E+03
    0.886417278242E+00    0.100025407905E+03
    0.906222603860E+00    0.100028226984E+03
    0.925903796255E+00    0.100031305042E+03
    0.945454945863E+00    0.100034661634E+03
    0.964870045043E+00    0.100038317599E+03
    0.984142999037E+00    0.100042295141E+03
