    0.000000000000E+00    0.100000000766E+03
    0.227422702625E-01    0.100000003253E+03
    0.454815853247E-01    0.100000007646E+03
    0.682177111951E-01    0.100000014281E+03
    0.909502446482E-01    0.100000023648E+03
    0.113678619726E+00    0.100000036383E+03
    0.136402112832E+00    0.100000053280E+03
    0.159119851659E+00    0.100000075287E+03
    0.181830822258E+00    0.100000103518E+03
    0.204533872492E+00    0.100000139255E+03
    0.227227712646E+00    0.100000183966E+03
    0.249910913583E+00    0.100000239319E+03
    0.272581904154E+00    0.100000307195E+03
    0.295238968208E+00    0.100000389710E+03
    0.317880241691E+00    0.100000489235E+03
    0.340503709406E+00    0.100000608415E+03
    0.363107201349E+00    0.100000750188E+03
    0.385688388479E+00    0.100000917807E+03
    0.408244778232E+00    0.100001114859E+03
    0.430773709978E+00    0.100001345291E+03
    0.453272350775E+00    0.100001613432E+03
    0.475737691441E+00    0.100001924016E+03
    0.498166543031E+00    0.100002282213E+03
    0.520555533591E+00    0.100002693652E+03
    0.542901105227E+00    0.100003164446E+03
    0.565199511441E+00    0.100003701227E+03
    0.587446814815E+00    0.100004311176E+03
    0.609638885059E+00    0.100005002050E+03
    0.631771397481E+00    0.100005782223E+03
    0.653839831916E+00    0.100006660717E+03
    0.675839472153E+00    0.100007647242E+03
    0.697765405910E+00    0.100008752233E+03
    0.719612525427E+00    0.100009986897E+03
    0.741375528716E+00    0.100011363255E+03
    0.763048921535E+00    0.100012894188E+03
    0.784627020127E+00    0.100014593495E+03
    0.806103954794E+00    0.100016475943E+03
    0.827473674350E+00    0.100018557326E+03
    0.848729951554E+00    0.100020854534E+03
    0.869866389593E+00    0.100023385622E+03
    0.890876429720E+00    0.100026169884E+03
    0.911753360141E+00    0.100029227940E+03
    0.932490326251E+00    0.100032581827E+03
    0.953080342312E+00    0.100036255103E+03
    0.973516304695E+00    0.100040272958E+03
    0.993791006771E+00    0.100044662341E+03
