    0.000000000000E+00    0.100000000833E+03
    0.236998395367E-01    0.100000003545E+03
    0.473964638542E-01    0.100000008354E+03
    0.710896019960E-01    0.100000015660E+03
    0.947787825514E-01    0.100000026038E+03
    0.118463342169E+00    0.100000040243E+03
    0.142142432439E+00    0.100000059210E+03
    0.165815031420E+00    0.100000084065E+03
    0.189479951647E+00    0.100000116125E+03
    0.213135843362E+00    0.100000156918E+03
    0.236781194300E+00    0.100000208193E+03
    0.260414326692E+00    0.100000271941E+03
    0.284033393895E+00    0.100000350417E+03
    0.307636376624E+00    0.100000446167E+03
    0.331221079422E+00    0.100000562046E+03
    0.354785126357E+00    0.100000701249E+03
    0.378325956246E+00    0.100000867331E+03
    0.401840817086E+00    0.100001064234E+03
    0.425326760507E+00    0.100001296315E+03
    0.448780636298E+00    0.100001568377E+03
    0.472199087538E+00    0.100001885695E+03
    0.495578546097E+00    0.100002254050E+03
    0.518915228662E+00    0.100002679763E+03
    0.542205133023E+00    0.100003169727E+03
    0.565444034801E+00    0.100003731441E+03
    0.588627484517E+00    0.100004373053E+03
    0.611750805202E+00    0.100005103397E+03
    0.634809090491E+00    0.100005932034E+03
    0.657797203360E+00    0.100006869297E+03
    0.680709775449E+00    0.100007926342E+03
    0.703541207147E+00    0.100009115189E+03
    0.726285668432E+00    0.100010448783E+03
    0.748937100607E+00    0.100011941047E+03
    0.771489218951E+00    0.100013606942E+03
    0.793935516407E+00    0.100015462533E+03
    0.816269268318E+00    0.100017525061E+03
    0.838483538368E+00    0.100019813016E+03
    0.860571185783E+00    0.100022346223E+03
    0.882524873959E+00    0.100025145929E+03
    0.904337080616E+00    0.100028234907E+03
    0.926000109634E+00    0.100031637564E+03
    0.947506104681E+00    0.100035380060E+03
    0.968847064785E+00    0.100039490450E+03
    0.990014861991E+00    0.100043998828E+03
