   0.0000000000000000            100.00000084973239     
   2.3939231855223123E-002       100.00000361993182     
   4.7875181685288870E-002       100.00000853736745     
   7.1807568653129344E-002       100.00001601774547     
   9.5735903020760987E-002       100.00002666019002     
  0.11965949524132075            100.00004125106916     
  0.14357746335741359            100.00006076533630     
  0.16748874526081609            100.00008637437429     
  0.19139210688727903            100.00011945372910     
  0.21528614535986995            100.00016159576734     
  0.23916928851800701            100.00021462627755     
  0.26303979159157337            100.00028062529076     
  0.28689573364736654            100.00036195088281     
  0.31073501359908151            100.00046126451529     
  0.33455534650540969            100.00058155646998     
  0.35835425893924688            100.00072617123564     
  0.38212908389912975            100.00089883361433     
  0.40587695486280845            100.00110367615144     
  0.42959479998264316            100.00134526881568     
  0.45327933636251694            100.00162864909113     
  0.47692706506022498            100.00195935461804     
  0.50053426642051824            100.00234345651688     
  0.52409699600191040            100.00278759376314     
  0.54761108072115683            100.00329900898707     
  0.57107211552055104            100.00388558788123     
  0.59447546036353760            100.00455589859970     
  0.61781623787234630            100.00531923462792     
  0.64108933144506486            100.00618565957539     
  0.66428938410651472            100.00716605459810     
  0.68741079797054527            100.00827216794110     
  0.71044773456010568            100.00951666849463     
  0.73339411592196757            100.01091320232791     
  0.75624362675124090            100.01247645360715     
  0.77898971748014423            100.01422220983875     
  0.80162560850832043            100.01616743203867     
  0.82414429556567925            100.01833033023919     
  0.84653855639749065            100.02073044690847     
  0.86880095882342290            100.02338874625768     
  0.89092387037116183            100.02632771335324     
  0.91289946957005363            100.02957146278295     
  0.93471975909242111            100.03314585915209     
  0.95637658084738919            100.03707865058310     
  0.97786163320676223            100.04139961756626     
  0.99916649048875306            100.04614074028069     
