   0.0000000000000000            100.00000061154456     
   2.0348347076939655E-002       100.00000258349596     
   4.0694338989534368E-002       100.00000603227387     
   6.1037817809503542E-002       100.00001117297970     
   8.1378518340665562E-002       100.00001831705576     
  0.10171607126874078            100.00002787233174     
  0.12205000538235578            100.00004034380380     
  0.14237975186560059            100.00005633434040     
  0.16270464873377252            100.00007654834596     
  0.18302394389036833            100.00010179490641     
  0.20333679666822668            100.00013299331133     
  0.22364227789493471            100.00017117995711     
  0.24393936899721572            100.00021751695969     
  0.26422696057555900            100.00027330175131     
  0.28450385079379764            100.00033997774351     
  0.30476874368174567            100.00041914523223     
  0.32502024732168827            100.00051257230432     
  0.34525687182984288            100.00062220655047     
  0.36547702709744878            100.00075018635641     
  0.38567902033109208            100.00089885273590     
  0.40586105349402185            100.00107076151899     
  0.42602122076537480            100.00126869687159     
  0.44615750610961180            100.00149568441962     
  0.46626778101545618            100.00175500531572     
  0.48634980240677245            100.00205021091449     
  0.50640121072199729            100.00238513757829     
  0.52641952815006010            100.00276392233522     
  0.54640215702069705            100.00319101903774     
  0.56634637835787749            100.00367121513192     
  0.58624935061139505            100.00420964968893     
  0.60610810858465591            100.00481183136787     
  0.62591956257750303            100.00548365853888     
  0.64568049776331338            100.00623143887562     
  0.66538757382137292            100.00706191027125     
  0.68503732484770241            100.00798226365075     
  0.70462615956896646            100.00900016610066     
  0.72415036188606041            100.01012378604418     
  0.74360609176794901            100.01136181859479     
  0.76298938652190262            100.01272351392771     
  0.78229616246603284            100.01421870660704     
  0.80152221703134807            100.01585784709440     
  0.82066323132457997            100.01765203516599     
  0.83971477318715604            100.01961305628654     
  0.85867230078940748            100.02175342029800     
  0.87753116680149801            100.02408640347262     
  0.89628662318455277            100.02662609389174     
  0.91493382664687151            100.02938744101333     
  0.93346784481140943            100.03238630944359     
  0.95188366314177564            100.03563953795198     
  0.97017619267491040            100.03916500400149     
  0.98834027860904561            100.04298169480614     
