   0.0000000000000000            100.00000083259050     
   2.3699839536670892E-002       100.00000354481712     
   4.7396463854210452E-002       100.00000835435684     
   7.1089601995977442E-002       100.00001566035662     
   9.4778782551384444E-002       100.00002603816600     
  0.11846334216944404            100.00004024281364     
  0.14214243243852684            100.00005921029458     
  0.16581503142027731            100.00008406452889     
  0.18947995164694065            100.00011612492811     
  0.21313584336159269            100.00015691796324     
  0.23678119430022765            100.00020819279625     
  0.26041432669183529            100.00027194064258     
  0.28403339389525739            100.00035041725474     
  0.30763637662438764            100.00044616687899     
  0.33122107942232215            100.00056204649333     
  0.35478512635707082            100.00070124941254     
  0.37832595624593940            100.00086733098148     
  0.40184081708572250            100.00106423366904     
  0.42532676050710427            100.00129631515784     
  0.44878063629791576            100.00156837684438     
  0.47219908753802814            100.00188569456046     
  0.49557854609687135            100.00225404999986     
  0.51891522866196371            100.00267976329152     
  0.54220513302264683            100.00316972652739     
  0.56544403480140226            100.00373144077867     
  0.58862748451712099            100.00437305311281     
  0.61175080520199898            100.00510339684686     
  0.63480909049133349            100.00593203353587     
  0.65779720336007108            100.00686929744671     
  0.68070977544858413            100.00792634186234     
  0.70354120714726398            100.00911518912163     
  0.72628566843226106            100.01044878330660     
  0.74893710060680407            100.01194104691712     
  0.77148921895125711            100.01360694155284     
  0.79393551640699411            100.01546253290280     
  0.81626926831821911            100.01752506105488     
  0.83848353836815825            100.01981301624616     
  0.86057118578283132            100.02234622278843     
  0.88252487395852197            100.02514592908840     
  0.90433708061589424            100.02823490736166     
  0.92600010963425816            100.03163756381839     
  0.94750610468061924            100.03538006040048     
  0.96884706478513227            100.03949044995848     
  0.99001486199060751            100.04399882797271     
