   0.0000000000000000            100.00000076583585     
   2.2742270262461967E-002       100.00000325306848     
   4.5481585324726098E-002       100.00000764564932     
   6.8217711195147010E-002       100.00001428137907     
   9.0950244648156028E-002       100.00002364754026     
  0.11367861972582713            100.00003638322387     
  0.13640211283210435            100.00005328030744     
  0.15911985165944259            100.00007528746417     
  0.18183082225779434            100.00010351750070     
  0.20453387249244515            100.00013925450381     
  0.22722771264563243            100.00018396626967     
  0.24991091358253764            100.00023931898946     
  0.27258190415438716            100.00030719451868     
  0.29523896820751444            100.00038970951876     
  0.31788024169128976            100.00048923480927     
  0.34050370940589159            100.00060841501087     
  0.36310720134857438            100.00075018833182     
  0.38568838847918491            100.00091780713365     
  0.40824477823181671            100.00111485925417     
  0.43077370997832909            100.00134529115584     
  0.45327235077465944            100.00161343152438     
  0.47573769144138867            100.00192401610826     
  0.49816654303105462            100.00228221347454     
  0.52055553359113049            100.00269365157480     
  0.54290110522664992            100.00316444564750     
  0.56519951144058544            100.00370122722359     
  0.58744681481489658            100.00431117575073     
  0.60963888505854269            100.00500205019661     
  0.63177139748080369            100.00578222326708     
  0.65383983191600681            100.00666071735951     
  0.67583947215251883            100.00764724183198     
  0.69776540590974734            100.00875223321222     
  0.71961252542711474            100.00998689738348     
  0.74137552871627677            100.01136325473021     
  0.76304892153459059            100.01289418827851     
  0.78462702012682750            100.01459349530647     
  0.80610395479361541            100.01647594252476     
  0.82747367434996266            100.01855732577532     
  0.84872995155404907            100.02085453434201     
  0.86986638959286633            100.02338562235131     
  0.89087642971986825            100.02616988443809     
  0.91175336014132624            100.02922794030505     
  0.93249032625068307            100.03258182746416     
  0.95308034231173266            100.03625510304921     
  0.97351630469468886            100.04027295760156     
  0.99379100677099030            100.04466234122144     
