   0.0000000000000000            100.00000068645092     
   2.1545308669700811E-002       100.00000290772664     
   4.3087971042877857E-002       100.00000681119667     
   6.4627793917115539E-002       100.00001266824357     
   8.6164448514834277E-002       100.00002087068201     
  0.10769747505173505            100.00003193234251     
  0.12922628615166284            100.00004648933491     
  0.15075017314672162            100.00006530250901     
  0.17226831182402930            100.00008926210801     
  0.19377976582107936            100.00011939358288     
  0.21528348787049773            100.00015686494667     
  0.23677831909504604            100.00020299760909     
  0.25826298732567843            100.00025927861458     
  0.27973610495176143            100.00032737436470     
  0.30119616671190186            100.00040914530612     
  0.32264154735337619            100.00050666073658     
  0.34407049905676851            100.00062221333583     
  0.36548114849071683            100.00075833513249     
  0.38687149355433365            100.00091781276062     
  0.40823939994476166            100.00110370416856     
  0.42958259775369806            100.00131935596374     
  0.45089867823420865            100.00156842154813     
  0.47218509081798965            100.00185487991213     
  0.49343914038541703            100.00218305522577     
  0.51465798476895497            100.00255763691993     
  0.53583863246853491            100.00298370078103     
  0.55697794058156014            100.00346673082565     
  0.57807261296831580            100.00401264228100     
  0.59911919867738495            100.00462780635944     
  0.62011409066122292            100.00531907488616     
  0.64105352481126221            100.00609380726988     
  0.66193357934049901            100.00695989812189     
  0.68275017454667652            100.00792580655606     
  0.70349907299282344            100.00900058756881     
  0.72417588014359913            100.01019392435462     
  0.74477604549449150            100.01151616351763     
  0.76529486422985882            100.01297835203980     
  0.78572747944620303            100.01459227693326     
  0.80606888498124918            100.01637050745720     
  0.82631392889559518            100.01832644072053     
  0.84645731766089494            100.02047435068296     
  0.86649362111421446            100.02282944154737     
  0.88641727824205407            100.02540790508242     
  0.90622260385997133            100.02822698436690     
  0.92590379625534369            100.03130504162111     
  0.94545494586267398            100.03466163442639     
  0.96487004504260154            100.03831759879560     
  0.98414299903699831            100.04229514107239     
